codons: 

64
TTT	0.23218
TTA	0.69516
TTC	0.01276
TTG	0.05922
TAT	0.58834
TAA	0.39651
TAC	0.30682
TAG	0.03674
TCT	0.01588
TCA	0.45350
TCC	0.71980
TCG	0.41294
TGT	0.39126
TGA	0.31761
TGC	0.70979
TGG	0.12936
ATT	0.53516
ATA	0.51834
ATC	0.28215
ATG	0.07529
AAT	0.49130
AAA	0.59361
AAC	0.22699
AAG	0.35392
ACT	0.26132
ACA	0.46673
ACC	0.69735
ACG	0.16722
AGT	0.17216
AGA	0.21694
AGC	0.25218
AGG	0.59213
CTT	0.00922
CTA	0.34323
CTC	0.72015
CTG	0.72002
CAT	0.35688
CAA	0.25472
CAC	0.69664
CAG	0.52474
CCT	0.33617
CCA	0.38290
CCC	0.88008
CCG	0.68540
CGT	0.26499
CGA	0.57167
CGC	0.74109
CGG	0.87283
GTT	0.44907
GTA	0.29756
GTC	0.43892
GTG	0.74417
GAT	0.25555
GAA	0.47067
GAC	0.07712
GAG	0.32422
GCT	0.29568
GCA	0.15651
GCC	0.76255
GCG	0.57677
GGT	0.20266
GGA	0.10858
GGC	0.31818
GGG	0.57471

dicodons: 

	F	L	Y	S	C	W	I	M	N	K	T	R	H	Q	P	V	D	E	A	G
20
F	0.1090	0.0338	0.2255	0.2283	0.3663	0.2825	0.5618	0.0088	0.2876	0.5238	0.1966	0.4310	0.5308	0.4050	0.4696	0.2966	0.2781	0.5324	0.4511	0.0519
L	0.1830	0.0301	0.4664	0.1099	0.6925	0.0818	0.4131	0.1984	0.3758	0.5245	0.1144	0.5482	0.4388	0.0563	0.5290	0.0460	0.0599	0.2035	0.0964	0.2273
Y	0.4609	0.2094	0.6507	0.2540	0.3580	0.5021	0.7331	0.1957	0.7208	0.4261	0.3566	0.1957	0.3030	0.2827	0.2532	0.4001	0.1802	0.5305	0.2464	0.3066
S	0.2141	0.1073	0.2225	0.3094	0.4191	0.4592	0.2957	0.0262	0.3285	0.4173	0.0604	0.5709	0.4455	0.3351	0.6580	0.1023	0.3967	0.1172	0.0130	0.1287
C	0.5021	0.6996	0.2825	0.3921	0.8366	0.8838	0.4875	0.7950	0.5308	0.0872	0.5934	0.5503	0.6515	0.2663	0.6515	0.4399	0.7511	0.6733	0.6612	0.5979
W	0.3624	0.0245	0.6174	0.0125	0.1287	0.4191	0.2349	0.7511	0.4599	0.0828	0.4455	0.5979	0.2827	0.0818	0.7822	0.6370	0.0436	0.4191	0.3850	0.3901
I	0.2660	0.2643	0.5131	0.3025	0.2013	0.6311	0.4438	0.0163	0.5586	0.6731	0.5375	0.0319	0.5021	0.2496	0.2871	0.2229	0.6609	0.7431	0.1899	0.2711
M	0.3114	0.2700	0.3442	0.2141	0.8911	0.3465	0.6027	0.7677	0.6327	0.6015	0.0436	0.7155	0.8366	0.2739	0.6353	0.1287	0.1287	0.1073	0.0217	0.3663
N	0.1780	0.3134	0.1517	0.4157	0.1287	0.0245	0.4885	0.5353	0.2054	0.7836	0.4384	0.1498	0.1287	0.5286	0.3378	0.3959	0.6321	0.6263	0.5065	0.5429
K	0.4768	0.5877	0.6229	0.4539	0.0289	0.5696	0.5632	0.5112	0.6208	0.6195	0.5479	0.1592	0.0818	0.5355	0.1799	0.4370	0.5634	0.6730	0.6929	0.5470
T	0.0849	0.0617	0.1507	0.1310	0.7228	0.2627	0.4261	0.1201	0.6218	0.6317	0.3749	0.5643	0.7360	0.0436	0.2442	0.0099	0.3770	0.4366	0.2028	0.1825
R	0.4973	0.3686	0.2884	0.6741	0.7624	0.9242	0.1109	0.7418	0.2025	0.2036	0.6591	0.8356	0.7212	0.3817	0.7450	0.6812	0.3267	0.3610	0.6666	0.6848
H	0.3465	0.4297	0.2110	0.7677	0.5414	0.3030	0.5308	0.5643	0.3496	0.0908	0.4191	0.8888	1.0000	0.3030	0.9303	0.6515	0.3850	0.4772	0.6353	0.3744
Q	0.3186	0.1392	0.1870	0.0444	0.5900	0.2986	0.0110	0.1287	0.4671	0.2175	0.2808	0.5865	0.5021	0.3166	0.6001	0.0590	0.0042	0.0130	0.1213	0.0777
P	0.2483	0.2698	0.5353	0.5561	0.4554	0.6515	0.3430	0.3776	0.0495	0.0509	0.3791	0.8768	0.9355	0.7782	0.8286	0.6745	0.6065	0.6832	0.5740	0.9095
V	0.1996	0.2884	0.0572	0.0572	0.5121	0.4455	0.3249	0.1993	0.0433	0.5053	0.0099	0.3663	0.3465	0.5174	0.6595	0.3116	0.0788	0.2476	0.1924	0.2476
D	0.5081	0.0933	0.3802	0.0987	0.3580	0.1957	0.5816	0.3361	0.4899	0.7131	0.5174	0.3223	0.6128	0.4875	0.5274	0.2986	0.3836	0.1711	0.3954	0.1287
E	0.4835	0.4971	0.5647	0.3715	0.7511	0.4899	0.6339	0.4866	0.4517	0.5517	0.3407	0.3498	0.0416	0.3278	0.1689	0.1059	0.0549	0.1287	0.2600	0.4514
A	0.1479	0.1161	0.0803	0.3715	0.6969	0.2667	0.3074	0.3343	0.3903	0.6261	0.0979	0.6146	0.5099	0.0891	0.7303	0.2120	0.0110	0.2349	0.9058	0.2926
G	0.0282	0.0053	0.5105	0.3154	0.8166	0.0319	0.0902	0.4837	0.2786	0.5505	0.2839	0.7002	0.7289	0.1490	0.9317	0.1172	0.1095	0.2527	0.3417	0.4340