codons: 

64
TTT	0.25958
TTA	0.33351
TTC	0.39196
TTG	0.38083
TAT	0.45257
TAA	0.13679
TAC	0.41041
TAG	0.11501
TCT	0.20210
TCA	0.45552
TCC	0.28181
TCG	0.41903
TGT	0.13551
TGA	0.13601
TGC	0.49594
TGG	0.02531
ATT	0.52828
ATA	0.44319
ATC	0.36369
ATG	0.22570
AAT	0.56789
AAA	0.49675
AAC	0.21971
AAG	0.43118
ACT	0.02877
ACA	0.14360
ACC	0.33038
ACG	0.38546
AGT	0.16035
AGA	0.03248
AGC	0.43494
AGG	0.12618
CTT	0.38358
CTA	0.37313
CTC	0.38848
CTG	0.14937
CAT	0.14530
CAA	0.31303
CAC	0.47610
CAG	0.17001
CCT	0.09674
CCA	0.21108
CCC	0.46662
CCG	0.62678
CGT	0.06184
CGA	0.33812
CGC	0.39516
CGG	0.63085
GTT	0.29398
GTA	0.01662
GTC	0.17596
GTG	0.44835
GAT	0.49903
GAA	0.49222
GAC	0.25178
GAG	0.33292
GCT	0.02172
GCA	0.05182
GCC	0.39754
GCG	0.45394
GGT	0.09255
GGA	0.21681
GGC	0.45762
GGG	0.14873

dicodons: 

	F	L	Y	S	C	W	I	M	N	K	T	R	H	Q	P	V	D	E	A	G
20
F	0.1414	0.0261	0.2994	0.1746	0.5106	0.4648	0.6514	0.2771	0.6324	0.7498	0.0074	0.4378	0.1826	0.2923	0.1018	0.5291	0.6198	0.7305	0.4161	0.2140
L	0.1826	0.0936	0.0279	0.0937	0.3014	0.3934	0.4475	0.1794	0.6470	0.6646	0.0066	0.2840	0.3632	0.1028	0.4005	0.0125	0.4408	0.3995	0.1003	0.1121
Y	0.0354	0.1681	0.1070	0.0366	0.4161	0.5509	0.0366	0.4551	0.6108	0.5243	0.2705	0.3927	0.0865	0.3513	0.4350	0.0932	0.2771	0.5103	0.1070	0.2660
S	0.2215	0.1783	0.3114	0.4582	0.3690	0.3744	0.5153	0.2326	0.4423	0.2795	0.2803	0.3036	0.5504	0.0852	0.3467	0.1436	0.3540	0.0896	0.2322	0.3706
C	0.3131	0.0607	0.5943	0.3791	0.6253	0.1826	0.1436	0.5242	0.3883	0.1436	0.5848	0.4973	0.1436	0.1436	0.2553	0.0739	0.1972	0.3955	0.6511	0.5866
W	0.8477	0.0751	0.0269	0.0985	0.2660	0.5389	0.2215	0.0918	0.1826	0.1436	0.2010	0.3883	0.0269	0.3149	0.4291	0.0269	0.1916	0.2994	0.2338	0.1436
I	0.5046	0.4053	0.0727	0.2215	0.2215	0.1757	0.6792	0.2010	0.4272	0.8264	0.4810	0.5467	0.6013	0.3400	0.4737	0.3173	0.4386	0.7275	0.2076	0.0842
M	0.3100	0.5135	0.0384	0.1183	0.5718	0.3577	0.4161	0.5830	0.7665	0.4873	0.2994	0.0532	0.3883	0.2048	0.1070	0.0848	0.3513	0.3854	0.2034	0.0366
N	0.7849	0.4692	0.0429	0.0241	0.4161	0.7939	0.5891	0.4745	0.4589	0.6030	0.1662	0.3937	0.2060	0.7305	0.3896	0.2215	0.4718	0.6108	0.3390	0.2994
K	0.8540	0.4246	0.6108	0.4954	0.1242	0.6108	0.6168	0.4923	0.2702	0.5135	0.4726	0.2215	0.1242	0.5698	0.2994	0.1801	0.6205	0.5621	0.5480	0.3675
T	0.0892	0.1797	0.3339	0.4449	0.5986	0.2444	0.3408	0.0756	0.3080	0.5204	0.3695	0.3464	0.4053	0.0009	0.4925	0.3203	0.4032	0.2281	0.5194	0.0234
R	0.1407	0.0119	0.2926	0.1100	0.6463	0.2926	0.3029	0.3327	0.0026	0.2702	0.2904	0.6831	0.3759	0.1817	0.2281	0.3339	0.3149	0.2215	0.2734	0.6986
H	0.3400	0.3883	0.1972	0.0053	0.1826	0.2215	0.2426	0.2702	0.4469	0.1826	0.4094	0.5130	0.2293	0.0756	0.3577	0.3208	0.2660	0.6194	0.2553	0.4730
Q	0.7081	0.3327	0.2721	0.2932	0.2864	0.2994	0.3918	0.3712	0.2215	0.3131	0.1217	0.3460	0.2181	0.4529	0.1674	0.3339	0.3960	0.3432	0.1989	0.4019
P	0.1184	0.1803	0.3188	0.1103	0.1436	0.1436	0.5204	0.0429	0.4611	0.1310	0.4962	0.4438	0.5466	0.3703	0.7499	0.1107	0.1662	0.1217	0.6302	0.5263
V	0.1746	0.1252	0.3712	0.0095	0.4810	0.0269	0.2702	0.2215	0.1467	0.3649	0.4025	0.4886	0.0519	0.3056	0.2768	0.2176	0.1972	0.0825	0.5381	0.2705
D	0.4810	0.2569	0.6247	0.2096	0.2569	0.5509	0.6422	0.6540	0.4635	0.4319	0.1528	0.0485	0.2569	0.5535	0.2239	0.1793	0.1381	0.2048	0.1246	0.1983
E	0.6298	0.3092	0.5879	0.3533	0.4730	0.6108	0.4787	0.2215	0.3286	0.5070	0.0104	0.0168	0.2410	0.1070	0.1169	0.1242	0.2298	0.2181	0.1582	0.2994
A	0.0767	0.1835	0.2660	0.2880	0.3271	0.4801	0.1682	0.1436	0.5223	0.4492	0.6225	0.1814	0.4495	0.0269	0.4742	0.4947	0.1801	0.0084	0.5657	0.4405
G	0.3240	0.0932	0.3818	0.3629	0.5560	0.2864	0.4930	0.4940	0.1993	0.2910	0.3865	0.5988	0.1079	0.2625	0.8252	0.4326	0.0746	0.0384	0.5242	0.4449