codons: 

64
TTT	0.37268
TTA	0.55647
TTC	0.52994
TTG	0.24360
TAT	0.48186
TAA	0.22065
TAC	0.45755
TAG	0.31781
TCT	0.29993
TCA	0.07138
TCC	0.13773
TCG	0.11682
TGT	0.43727
TGA	0.47255
TGC	0.22044
TGG	0.49271
ATT	0.33549
ATA	0.60408
ATC	0.31211
ATG	0.04149
AAT	0.49494
AAA	0.32333
AAC	0.08546
AAG	0.33219
ACT	0.41077
ACA	0.18837
ACC	0.34846
ACG	0.35870
AGT	0.33215
AGA	0.46225
AGC	0.53406
AGG	0.41677
CTT	0.15294
CTA	0.75839
CTC	0.41858
CTG	0.66206
CAT	0.13621
CAA	0.32345
CAC	0.22260
CAG	0.72570
CCT	0.24179
CCA	0.22840
CCC	0.49781
CCG	0.46827
CGT	0.56425
CGA	0.52548
CGC	0.84289
CGG	0.72319
GTT	0.08843
GTA	0.49540
GTC	0.46752
GTG	0.27141
GAT	0.30176
GAA	0.12349
GAC	0.11407
GAG	0.25337
GCT	0.18786
GCA	0.32315
GCC	0.60573
GCG	0.48009
GGT	0.38645
GGA	0.42075
GGC	0.68983
GGG	0.78230

dicodons: 

	F	L	Y	S	C	W	I	M	N	K	T	R	H	Q	P	V	D	E	A	G
20
F	0.2869	0.3621	0.5001	0.1495	0.3909	0.5454	0.1498	0.0102	0.2418	0.0987	0.0898	0.2704	0.3181	0.5867	0.4714	0.1201	0.0847	0.6114	0.4463	0.3589
L	0.0529	0.2466	0.6203	0.0593	0.2424	0.0652	0.2516	0.4187	0.0308	0.0742	0.0887	0.6286	0.4964	0.0322	0.0859	0.0478	0.1922	0.1773	0.2332	0.5106
Y	0.4766	0.6064	0.7048	0.5758	0.7360	0.4171	0.6928	0.3401	0.6041	0.6041	0.6206	0.2647	0.1202	0.0863	0.1817	0.4721	0.5222	0.0702	0.1086	0.2550
S	0.1848	0.0910	0.4405	0.1008	0.0275	0.9459	0.2397	0.1446	0.1498	0.3539	0.2859	0.3652	0.3071	0.5808	0.2628	0.1734	0.2906	0.1524	0.5143	0.0182
C	0.1371	0.1987	0.6288	0.0432	0.5670	0.3938	0.6312	0.5287	0.6527	0.5161	0.4721	0.3265	0.1202	0.0573	0.3181	0.2345	0.2458	0.0102	0.1935	0.4868
W	0.7365	0.6071	0.5601	0.3181	0.7474	1.0000	0.1339	0.6632	0.0908	0.5337	0.4417	0.3938	0.4949	0.4317	1.0000	0.5791	0.6503	0.6969	0.7326	0.6969
I	0.0586	0.3401	0.4901	0.4344	0.4177	0.3760	0.4778	0.5178	0.6157	0.2923	0.0941	0.2156	0.1545	0.1764	0.2530	0.4204	0.5601	0.2386	0.1967	0.1792
M	0.4815	0.3505	0.5845	0.2971	0.7360	0.2423	0.0684	0.1882	0.0762	0.2608	0.2726	0.1399	0.0908	0.7669	0.5543	0.0170	0.5601	0.3035	0.0908	0.0459
N	0.1911	0.1783	0.6312	0.2971	0.0092	0.1086	0.6506	0.3401	0.6135	0.4212	0.5117	0.0966	0.1751	0.5726	0.0356	0.2684	0.5138	0.3013	0.1994	0.0421
K	0.2866	0.3929	0.6506	0.1581	0.3789	0.1160	0.2961	0.0117	0.6295	0.0102	0.0223	0.2193	0.6229	0.6012	0.4275	0.1139	0.3715	0.2423	0.5845	0.3686
T	0.0908	0.0508	0.5381	0.0377	0.5876	0.0908	0.4886	0.4721	0.0623	0.1406	0.2084	0.2423	0.1514	0.6969	0.4633	0.1540	0.3814	0.3065	0.4765	0.3472
R	0.1136	0.4191	0.2836	0.5854	0.0355	0.4417	0.1631	0.2423	0.0950	0.2423	0.5297	0.4407	0.2599	0.6828	0.6685	0.4708	0.0318	0.6211	0.6211	0.5178
H	0.2012	0.2301	0.4972	0.1516	0.3401	0.8316	0.2370	0.1476	0.2164	0.1202	0.3401	0.1639	0.3265	0.6211	0.2142	0.1072	0.4317	0.2458	0.5454	0.0529
Q	0.4696	0.3235	0.3401	0.2423	0.2423	0.3938	0.5580	0.3006	0.2704	0.3760	0.8106	0.6392	0.2784	0.6047	0.8268	0.8268	0.6342	0.6211	0.7387	0.7413
P	0.3505	0.1405	0.0529	0.4507	0.5580	0.7474	0.0013	0.1227	0.0102	0.4361	0.0529	0.6873	0.0102	0.7575	0.0532	0.3826	0.5085	0.2802	0.6411	0.6503
V	0.1301	0.1044	0.2201	0.1949	0.2668	0.9158	0.1878	0.1581	0.3272	0.2625	0.2423	0.1189	0.3156	0.4443	0.2822	0.2628	0.0402	0.3094	0.2423	0.5608
D	0.0863	0.0322	0.5381	0.0874	0.3401	0.3006	0.5738	0.3826	0.5213	0.3401	0.1144	0.1665	0.3112	0.6434	0.1117	0.2012	0.5302	0.1698	0.2423	0.2423
E	0.0760	0.0031	0.4096	0.3575	0.3401	0.4949	0.0987	0.1160	0.0898	0.2255	0.0468	0.5600	0.1665	0.5543	0.6326	0.2079	0.2262	0.4227	0.5419	0.5151
A	0.5771	0.3717	0.2928	0.4061	0.1045	0.5543	0.0736	0.0102	0.0356	0.2566	0.2977	0.7669	0.3265	0.6632	0.5670	0.2038	0.5808	0.5178	0.6585	0.5980
G	0.4683	0.4107	0.3401	0.2547	0.2301	0.6969	0.1027	0.5454	0.2550	0.3505	0.1160	0.5337	0.1514	0.7607	0.3401	0.2566	0.3996	0.3463	0.7348	0.4804