codons: 

64
TTT	0.08342
TTA	0.20244
TTC	0.09153
TTG	0.13393
TAT	0.21114
TAA	0.32223
TAC	0.39254
TAG	0.23099
TCT	0.14776
TCA	0.00566
TCC	0.26133
TCG	0.57639
TGT	0.67332
TGA	0.25309
TGC	0.53069
TGG	0.11068
ATT	0.29953
ATA	0.24454
ATC	0.20631
ATG	0.00601
AAT	0.06541
AAA	0.42107
AAC	0.21591
AAG	0.16423
ACT	0.19878
ACA	0.08192
ACC	0.34608
ACG	0.34678
AGT	0.09006
AGA	0.22690
AGC	0.43447
AGG	0.35652
CTT	0.25773
CTA	0.18463
CTC	0.63990
CTG	0.42352
CAT	0.38235
CAA	0.04288
CAC	0.57734
CAG	0.21334
CCT	0.32739
CCA	0.32086
CCC	0.31799
CCG	0.47689
CGT	0.08338
CGA	0.42045
CGC	0.11790
CGG	0.32155
GTT	0.23849
GTA	0.07051
GTC	0.33484
GTG	0.64896
GAT	0.00702
GAA	0.44559
GAC	0.22511
GAG	0.14135
GCT	0.04811
GCA	0.02557
GCC	0.46547
GCG	0.40493
GGT	0.30702
GGA	0.35683
GGC	0.19254
GGG	0.44984

dicodons: 

	F	L	Y	S	C	W	I	M	N	K	T	R	H	Q	P	V	D	E	A	G
20
F	0.3660	0.2252	0.5062	0.2838	0.6434	0.0638	0.4411	0.0542	0.2243	0.1339	0.0841	0.1173	0.4734	0.1975	0.2673	0.4077	0.0888	0.3538	0.2956	0.1348
L	0.1129	0.3171	0.1255	0.0760	0.7481	0.2108	0.2542	0.4232	0.1424	0.1059	0.0888	0.3519	0.4282	0.2873	0.2814	0.1553	0.0278	0.3428	0.0841	0.1160
Y	0.0433	0.0769	0.0113	0.0972	0.6759	0.6561	0.2272	0.2778	0.4162	0.1689	0.1692	0.3011	0.0741	0.0861	0.1975	0.3982	0.0110	0.3958	0.2593	0.2385
S	0.1211	0.1077	0.1116	0.1982	0.2130	0.2262	0.3580	0.0852	0.2222	0.2459	0.2211	0.1173	0.3259	0.0304	0.3982	0.2028	0.0414	0.0795	0.0005	0.3804
C	0.6717	0.7134	0.6630	0.4690	0.8430	0.8663	0.4529	0.6561	0.6879	0.1725	0.7659	0.4336	0.5988	0.1975	0.3982	0.7222	0.8280	0.7421	0.7191	0.5486
W	0.0152	0.0031	0.3077	0.5113	0.5988	0.1975	0.3538	0.3982	0.0226	0.1692	0.2978	0.2778	0.3122	0.6677	0.5185	0.4529	0.0308	0.2879	0.1692	0.7626
I	0.5170	0.1479	0.5468	0.1820	0.3031	0.4659	0.2843	0.0638	0.3290	0.4742	0.1940	0.2523	0.3982	0.0095	0.2615	0.0681	0.3392	0.7272	0.1366	0.1093
M	0.0497	0.3566	0.0638	0.4966	0.8663	0.4841	0.6805	0.8148	0.7009	0.4461	0.1692	0.5415	0.4841	0.2800	0.2778	0.3011	0.0937	0.3077	0.1692	0.2385
N	0.2835	0.2070	0.1611	0.0635	0.7325	0.0861	0.3498	0.3580	0.2549	0.5233	0.2399	0.3231	0.1975	0.2879	0.1204	0.2623	0.5101	0.6136	0.3520	0.3523
K	0.2425	0.2499	0.3354	0.2362	0.4784	0.4288	0.5536	0.5385	0.3918	0.5575	0.3580	0.3238	0.4690	0.5055	0.3982	0.1535	0.3859	0.6716	0.5086	0.2567
T	0.1752	0.1902	0.1402	0.0087	0.7723	0.3203	0.0595	0.2246	0.1315	0.2808	0.5988	0.3210	0.7593	0.3229	0.0152	0.1867	0.0980	0.3052	0.0726	0.1530
R	0.1793	0.0363	0.4018	0.3982	0.6389	0.8495	0.1149	0.5623	0.0461	0.4405	0.3229	0.3552	0.1246	0.1315	0.0308	0.6528	0.1474	0.0192	0.1725	0.1474
H	0.4650	0.4841	0.0370	0.6679	0.3982	0.0370	0.5044	0.7994	0.1793	0.0972	0.6991	0.5988	1.0000	0.2477	0.7593	0.7282	0.0972	0.0308	0.3628	0.0505
Q	0.1627	0.2848	0.0370	0.0018	0.4650	0.3538	0.1846	0.4336	0.3176	0.3958	0.2549	0.1574	0.4932	0.1084	0.4383	0.1077	0.2938	0.1692	0.1173	0.2286
P	0.2434	0.1458	0.4336	0.0972	0.1975	0.0370	0.2715	0.4185	0.1000	0.1058	0.0180	0.6337	0.9198	0.6630	0.1975	0.4753	0.1131	0.1503	0.1725	0.8148
V	0.1370	0.5498	0.3641	0.2048	0.7659	0.0505	0.0715	0.2944	0.4475	0.1979	0.2284	0.2510	0.3982	0.4298	0.5349	0.6296	0.1204	0.1323	0.3173	0.0954
D	0.0031	0.0695	0.0031	0.0240	0.3982	0.0308	0.4115	0.0370	0.3077	0.4849	0.3014	0.2483	0.6296	0.6238	0.0654	0.1000	0.2308	0.4000	0.4316	0.3580
E	0.3077	0.5718	0.3984	0.3472	0.8359	0.6308	0.4557	0.4753	0.5754	0.5976	0.3460	0.4018	0.1725	0.5015	0.4557	0.2079	0.5067	0.2879	0.0620	0.3799
A	0.0070	0.0533	0.4422	0.2843	0.6679	0.4000	0.3411	0.0695	0.2731	0.5091	0.2095	0.3562	0.0152	0.0772	0.4604	0.0370	0.2101	0.5648	0.8340	0.2097
G	0.1882	0.2385	0.3403	0.1315	0.7707	0.2523	0.2908	0.3122	0.1930	0.5154	0.4610	0.0654	0.5787	0.0505	0.9037	0.1426	0.1689	0.5556	0.1103	0.1255