codons: 

64
TTT	0.41176
TTA	0.46184
TTC	0.61936
TTG	0.04691
TAT	0.04451
TAA	0.07713
TAC	0.32372
TAG	0.21911
TCT	0.04939
TCA	0.11210
TCC	0.45596
TCG	0.63060
TGT	0.39416
TGA	0.38522
TGC	0.22593
TGG	0.23226
ATT	0.25564
ATA	0.08600
ATC	0.35239
ATG	0.08139
AAT	0.22614
AAA	0.38610
AAC	0.19413
AAG	0.03475
ACT	0.36094
ACA	0.35591
ACC	0.18036
ACG	0.48757
AGT	0.38177
AGA	0.12294
AGC	0.10302
AGG	0.00740
CTT	0.09476
CTA	0.69599
CTC	0.30330
CTG	0.55179
CAT	0.30768
CAA	0.19645
CAC	0.21652
CAG	0.12588
CCT	0.22927
CCA	0.04950
CCC	0.54265
CCG	0.59808
CGT	0.47664
CGA	0.61524
CGC	0.58660
CGG	0.61887
GTT	0.14123
GTA	0.42498
GTC	0.36866
GTG	0.33302
GAT	0.15513
GAA	0.19774
GAC	0.15086
GAG	0.22307
GCT	0.53342
GCA	0.39351
GCC	0.41093
GCG	0.48675
GGT	0.28604
GGA	0.13399
GGC	0.21903
GGG	0.26038

dicodons: 

	F	L	Y	S	C	W	I	M	N	K	T	R	H	Q	P	V	D	E	A	G
20
F	0.2219	0.2545	0.0617	0.2335	0.2494	0.1474	0.0774	0.4417	0.2303	0.0941	0.3529	0.5066	0.3605	0.0012	0.5291	0.2952	0.3044	0.1255	0.1392	0.2826
L	0.0408	0.1550	0.0103	0.1208	0.1749	0.0617	0.0515	0.0864	0.0705	0.2887	0.2226	0.2999	0.1180	0.2061	0.2422	0.0757	0.2069	0.0197	0.3400	0.1340
Y	0.3653	0.4593	0.4303	0.0871	0.2539	0.4261	0.3821	0.0053	0.2549	0.1264	0.1700	0.1255	0.0617	0.5979	0.3124	0.0230	0.3644	0.3812	0.0596	0.2387
S	0.0148	0.0181	0.0617	0.1749	0.0103	0.4671	0.0549	0.1790	0.0774	0.3700	0.0961	0.5103	0.0357	0.0022	0.4671	0.1495	0.3386	0.2413	0.0852	0.1458
C	0.0031	0.2163	0.0526	0.1915	0.4671	0.5737	0.2708	0.5737	0.2539	0.4266	0.3339	0.6842	0.3339	0.6803	0.3605	0.7060	0.4671	0.3783	0.1280	0.3148
W	0.4903	0.0256	0.5670	0.3072	0.4671	0.6955	0.1880	0.1711	0.2539	0.3580	0.1586	0.3605	0.1958	0.1660	0.9112	0.6447	0.5901	0.2895	0.6238	0.2181
I	0.3702	0.0921	0.3865	0.0526	0.5382	0.3865	0.3090	0.1086	0.2896	0.2453	0.0843	0.4985	0.5841	0.1659	0.3845	0.0982	0.3495	0.0617	0.4350	0.2750
M	0.0617	0.2260	0.2404	0.1735	0.6003	0.1958	0.2451	0.3148	0.2387	0.2202	0.0018	0.2223	0.5737	0.5644	0.0909	0.1734	0.1111	0.1025	0.0846	0.0132
N	0.0183	0.2061	0.2572	0.1159	0.5901	0.4985	0.0724	0.1474	0.3367	0.2433	0.3057	0.4056	0.3605	0.1528	0.0795	0.0178	0.0148	0.0871	0.1120	0.2963
K	0.0377	0.1907	0.0921	0.2245	0.0674	0.0617	0.1993	0.3039	0.5234	0.4587	0.2906	0.0617	0.5670	0.2414	0.2460	0.4120	0.1841	0.1885	0.3745	0.2367
T	0.1470	0.0279	0.4815	0.1686	0.0763	0.0053	0.3607	0.0617	0.4276	0.3670	0.0617	0.4855	0.0195	0.2181	0.1562	0.4669	0.0181	0.0426	0.1677	0.0982
R	0.2962	0.2095	0.2147	0.5978	0.6073	0.3830	0.2683	0.7336	0.4449	0.2235	0.4487	0.6320	0.6530	0.1573	0.5670	0.2049	0.4079	0.4937	0.2958	0.0553
H	0.2586	0.2702	0.0008	0.2500	0.5737	0.6447	0.4527	0.6669	0.1025	0.0123	0.4138	0.1915	0.1711	0.0674	0.7237	0.4439	0.6003	0.1660	0.4671	0.1562
Q	0.4405	0.2385	0.3620	0.3517	0.6803	0.4787	0.2229	0.5309	0.0526	0.3065	0.2007	0.3148	0.3402	0.3039	0.5128	0.0878	0.3385	0.0315	0.5141	0.0617
P	0.0049	0.0137	0.1562	0.2806	0.2895	0.6447	0.2197	0.6073	0.1802	0.3060	0.1207	0.7124	0.1118	0.5311	0.0012	0.3487	0.1070	0.3605	0.0183	0.3851
V	0.0996	0.0801	0.0435	0.0785	0.3605	0.4079	0.2262	0.3289	0.0965	0.1772	0.0617	0.0160	0.4499	0.0763	0.1866	0.1070	0.1007	0.3078	0.4299	0.0191
D	0.1111	0.0617	0.4162	0.3113	0.1280	0.3441	0.2952	0.4868	0.1321	0.4214	0.1605	0.1740	0.3702	0.5298	0.7060	0.1700	0.3644	0.2963	0.1192	0.4568
E	0.1162	0.2430	0.0596	0.2223	0.7336	0.0230	0.0270	0.0674	0.2181	0.2034	0.0572	0.2780	0.3605	0.2404	0.3218	0.2355	0.2970	0.2556	0.0086	0.4458
A	0.2529	0.3131	0.1204	0.0864	0.0795	0.4358	0.2036	0.5881	0.0399	0.4080	0.3989	0.3605	0.1711	0.1111	0.0617	0.2417	0.0200	0.2494	0.1118	0.4393
G	0.0276	0.0920	0.0909	0.0390	0.6194	0.0053	0.1409	0.1118	0.4434	0.3176	0.2099	0.2416	0.4032	0.0096	0.5737	0.2349	0.1755	0.3940	0.4481	0.1474