codons: 

64
TTT	0.06230
TTA	0.17586
TTC	0.19022
TTG	0.20637
TAT	0.45772
TAA	0.15551
TAC	0.19789
TAG	0.12639
TCT	0.33451
TCA	0.17548
TCC	0.36906
TCG	0.58174
TGT	0.65908
TGA	0.14205
TGC	0.00705
TGG	0.33925
ATT	0.10727
ATA	0.56683
ATC	0.05855
ATG	0.11951
AAT	0.34735
AAA	0.09276
AAC	0.11882
AAG	0.35540
ACT	0.07797
ACA	0.20642
ACC	0.20510
ACG	0.20096
AGT	0.07430
AGA	0.38687
AGC	0.58207
AGG	0.42108
CTT	0.23321
CTA	0.20526
CTC	0.16546
CTG	0.24601
CAT	0.40199
CAA	0.45635
CAC	0.00777
CAG	0.68620
CCT	0.01625
CCA	0.26659
CCC	0.08928
CCG	0.24413
CGT	0.16740
CGA	0.18917
CGC	0.61997
CGG	0.27372
GTT	0.21716
GTA	0.12246
GTC	0.15658
GTG	0.08456
GAT	0.17355
GAA	0.08471
GAC	0.04153
GAG	0.41992
GCT	0.62107
GCA	0.58950
GCC	0.33070
GCG	0.01281
GGT	0.56195
GGA	0.33113
GGC	0.60283
GGG	0.70565

dicodons: 

	F	L	Y	S	C	W	I	M	N	K	T	R	H	Q	P	V	D	E	A	G
20
F	0.4451	0.1443	0.4672	0.0988	0.1885	0.4668	0.2155	0.4474	0.4164	0.0051	0.2891	0.3237	0.0623	0.5872	0.1092	0.1990	0.2400	0.5557	0.3568	0.1063
L	0.0126	0.1084	0.6243	0.0653	0.3748	0.0037	0.2109	0.3637	0.0410	0.2317	0.1469	0.4695	0.5558	0.1797	0.3073	0.0292	0.0182	0.1936	0.4939	0.4349
Y	0.1754	0.2720	0.4818	0.5353	0.8031	0.0154	0.5028	0.3436	0.4686	0.5468	0.5429	0.3570	0.0623	0.5599	0.4374	0.4842	0.2482	0.4246	0.0521	0.4328
S	0.1726	0.0742	0.4037	0.2581	0.0376	0.8984	0.2814	0.0402	0.2155	0.0250	0.2100	0.2286	0.3319	0.5799	0.2772	0.0281	0.0676	0.1049	0.5557	0.1299
C	0.1344	0.3721	0.6483	0.2264	0.1875	0.2967	0.7311	0.7991	0.7409	0.1560	0.6483	0.5311	0.4139	0.6986	0.0623	0.7749	0.5981	0.3846	0.2967	0.6483
W	0.4830	0.6172	0.0156	0.0156	0.5260	1.0000	0.2967	0.5938	0.1795	0.7007	0.3365	0.0521	0.5938	0.5260	1.0000	0.1560	0.1469	0.5734	0.2891	0.7630
I	0.3310	0.4009	0.1688	0.4642	0.7311	0.6172	0.6392	0.4590	0.4590	0.0623	0.0106	0.3606	0.6483	0.0126	0.1761	0.4773	0.3237	0.1885	0.2967	0.1167
M	0.4474	0.1609	0.4530	0.4190	0.8945	0.3906	0.2967	0.1560	0.2967	0.0521	0.2739	0.0958	0.5311	0.8984	0.5097	0.1875	0.5051	0.3748	0.1677	0.0331
N	0.2059	0.0339	0.5036	0.2050	0.5863	0.4374	0.6759	0.4374	0.4173	0.2350	0.2967	0.3421	0.4725	0.4955	0.0455	0.2814	0.5065	0.2346	0.2891	0.2654
K	0.2587	0.2498	0.6828	0.3471	0.4208	0.1706	0.1209	0.3120	0.2227	0.4531	0.3064	0.2675	0.1292	0.6975	0.5684	0.3365	0.2297	0.3851	0.7401	0.5180
T	0.2244	0.0235	0.1092	0.1361	0.6190	0.0859	0.2000	0.4374	0.4633	0.2634	0.2572	0.3209	0.1345	0.7630	0.3639	0.3699	0.3700	0.2757	0.5643	0.2761
R	0.2059	0.2651	0.4374	0.0299	0.6213	0.0952	0.1256	0.6483	0.4976	0.4116	0.1469	0.3421	0.5311	0.6236	0.2344	0.3344	0.3884	0.2517	0.4620	0.4896
H	0.4077	0.0521	0.4976	0.3637	0.7187	0.5260	0.5824	0.6093	0.2967	0.1092	0.6132	0.0330	0.1875	0.5938	0.6483	0.5036	0.2967	0.0958	0.1469	0.1092
Q	0.0521	0.4848	0.0331	0.5088	0.5780	0.6840	0.4313	0.6719	0.2298	0.5673	0.7630	0.4734	0.0857	0.7248	0.6445	0.8420	0.4471	0.6331	0.8730	0.7572
P	0.3537	0.1285	0.1092	0.2364	0.3779	0.2891	0.2207	0.5524	0.1885	0.1875	0.0716	0.0803	0.1209	0.4830	0.0521	0.0521	0.4496	0.1116	0.6344	0.4313
V	0.2168	0.1761	0.2541	0.1263	0.5311	0.8578	0.0472	0.2029	0.2553	0.1036	0.2891	0.1330	0.1962	0.3984	0.1175	0.1744	0.1369	0.0023	0.5680	0.5691
D	0.0271	0.0305	0.2088	0.3715	0.4246	0.0623	0.6996	0.1688	0.4484	0.1232	0.0521	0.0090	0.0857	0.2417	0.6690	0.0376	0.2609	0.1524	0.3326	0.5884
E	0.0435	0.2406	0.4448	0.5003	0.8242	0.4830	0.0737	0.0521	0.1410	0.3830	0.1013	0.3906	0.2328	0.6615	0.4583	0.3944	0.0916	0.2244	0.5379	0.1250
A	0.6840	0.5684	0.3779	0.4574	0.0271	0.2101	0.1403	0.5838	0.0741	0.5599	0.5779	0.6354	0.1875	0.7007	0.5938	0.3962	0.5892	0.6381	0.6967	0.7746
G	0.4830	0.4649	0.4001	0.2244	0.7070	0.6953	0.2291	0.4881	0.2529	0.5568	0.3015	0.3851	0.2967	0.7630	0.7187	0.4313	0.2717	0.0729	0.8536	0.3906