codons: 

64
TTT	0.49069
TTA	0.82629
TTC	0.66822
TTG	0.40398
TAT	0.59956
TAA	0.24246
TAC	0.57406
TAG	0.23550
TCT	0.41953
TCA	0.02293
TCC	0.90249
TCG	0.58936
TGT	0.39141
TGA	0.81117
TGC	0.86564
TGG	0.36318
ATT	0.53629
ATA	0.68488
ATC	0.72198
ATG	0.34597
AAT	0.65173
AAA	0.64095
AAC	0.48171
AAG	0.24361
ACT	0.28670
ACA	0.21165
ACC	0.70533
ACG	0.27313
AGT	0.29292
AGA	0.29720
AGC	0.68086
AGG	0.18174
CTT	0.58825
CTA	0.06226
CTC	0.95722
CTG	0.81093
CAT	0.33229
CAA	0.22343
CAC	0.78438
CAG	0.38001
CCT	0.01824
CCA	0.50644
CCC	0.87902
CCG	0.78193
CGT	0.06711
CGA	0.87190
CGC	0.94762
CGG	0.77571
GTT	0.51448
GTA	0.53806
GTC	0.90389
GTG	0.65942
GAT	0.65743
GAA	0.50383
GAC	0.79930
GAG	0.65304
GCT	0.40616
GCA	0.21141
GCC	0.79465
GCG	0.41778
GGT	0.64348
GGA	0.45992
GGC	0.62121
GGG	0.47566

dicodons: 

	F	L	Y	S	C	W	I	M	N	K	T	R	H	Q	P	V	D	E	A	G
20
F	0.1563	0.1948	0.2768	0.1484	0.0949	0.2972	0.6542	0.2664	0.4350	0.4978	0.1797	0.1873	0.3873	0.4172	0.4806	0.3638	0.3005	0.6931	0.1402	0.3184
L	0.0189	0.1923	0.1359	0.0437	0.6096	0.7511	0.5388	0.1239	0.3645	0.5758	0.0602	0.6018	0.4263	0.0220	0.4619	0.0030	0.3958	0.2343	0.2773	0.1127
Y	0.3772	0.2215	0.4978	0.2467	0.0458	0.4978	0.5982	0.8468	0.6233	0.6064	0.0709	0.1321	0.1239	0.3628	0.0625	0.2299	0.2467	0.2467	0.1390	0.2334
S	0.2642	0.0874	0.0412	0.5045	0.8438	0.5194	0.3644	0.5315	0.3263	0.4654	0.0825	0.5839	0.5927	0.6856	0.5162	0.2558	0.5097	0.1390	0.2423	0.1021
C	0.3363	0.7254	0.1801	0.5833	1.0000	0.7345	0.3558	0.8829	0.5405	0.1211	0.8673	0.8073	0.9004	0.3712	0.8009	0.6444	0.7156	0.8756	0.9447	0.6937
W	0.4978	0.3558	0.0044	0.4027	0.0044	0.3363	0.2467	0.1467	0.1289	0.6856	0.8190	0.7703	0.6018	0.5022	1.0000	0.2533	0.4420	0.3363	0.4144	0.5022
I	0.4363	0.3722	0.6299	0.4412	0.3363	0.2467	0.5056	0.0044	0.6280	0.6676	0.4350	0.2467	0.6444	0.1013	0.2760	0.2746	0.7335	0.7046	0.0227	0.4243
M	0.1151	0.5426	0.0044	0.5315	1.0000	0.5022	0.2467	0.7345	0.6174	0.5171	0.4524	0.7968	0.8133	0.6128	0.6296	0.1151	0.7285	0.1467	0.2664	0.3966
N	0.3175	0.4297	0.4492	0.4978	0.2467	0.5315	0.5424	0.4690	0.4168	0.7489	0.2548	0.2533	0.5022	0.2781	0.2035	0.4713	0.6195	0.6875	0.0184	0.4380
K	0.4810	0.5960	0.5875	0.4302	0.2760	0.4978	0.6392	0.0477	0.6682	0.5137	0.5252	0.0112	0.1390	0.3170	0.0630	0.3630	0.6005	0.5267	0.7349	0.4205
T	0.0551	0.1443	0.0709	0.3425	0.9547	0.1576	0.4337	0.5671	0.5145	0.5305	0.3940	0.7059	0.7587	0.4690	0.1844	0.1402	0.2366	0.0782	0.1860	0.1345
R	0.1959	0.3940	0.3577	0.4010	0.8642	0.3940	0.1060	0.6313	0.3925	0.2972	0.6104	0.7871	0.7611	0.8715	0.7572	0.4172	0.4117	0.4690	0.5671	0.6187
H	0.6889	0.4208	0.2108	0.7013	0.7904	0.6018	0.3108	0.5022	0.7657	0.0477	0.5259	0.8305	0.2889	0.4425	0.8805	0.4880	0.2972	0.4027	0.6296	0.4895
Q	0.4036	0.2803	0.3432	0.3898	0.8829	0.4570	0.2567	0.3304	0.3127	0.0583	0.4627	0.6625	0.7867	0.6877	0.7062	0.0841	0.4311	0.0739	0.3498	0.6018
P	0.2972	0.3742	0.1372	0.5680	0.9378	0.8009	0.0989	0.8578	0.3665	0.2591	0.5194	0.7587	0.8525	0.7828	0.8694	0.4530	0.5825	0.3061	0.5575	0.3277
V	0.1682	0.0583	0.1343	0.0823	0.3628	0.5475	0.3589	0.4080	0.4978	0.4768	0.0044	0.4828	0.4193	0.3261	0.6567	0.3741	0.4718	0.3695	0.0530	0.2402
D	0.5434	0.3387	0.4104	0.3931	0.6856	0.2342	0.4673	0.4311	0.4260	0.7210	0.1921	0.2625	0.0960	0.6288	0.2913	0.4334	0.7144	0.2086	0.4650	0.4978
E	0.4978	0.2377	0.4739	0.1114	0.4311	0.4260	0.5871	0.2885	0.4733	0.4978	0.0648	0.3759	0.6018	0.2715	0.5259	0.3769	0.2402	0.2482	0.3334	0.3220
A	0.1211	0.1487	0.1782	0.5593	0.9567	0.8269	0.3608	0.5194	0.2885	0.6401	0.1333	0.6554	0.5022	0.2380	0.5970	0.0131	0.6426	0.2599	0.0986	0.1129
G	0.5073	0.0673	0.3380	0.1644	0.4760	0.1151	0.0810	0.3363	0.4861	0.5183	0.0453	0.5076	0.8230	0.3054	0.4925	0.3413	0.4053	0.1477	0.0174	0.0367