codons: 

64
TTT	0.56445
TTA	0.64132
TTC	0.37398
TTG	0.35036
TAT	0.47694
TAA	0.20338
TAC	0.12818
TAG	0.11763
TCT	0.16064
TCA	0.51655
TCC	0.60928
TCG	0.78539
TGT	0.47626
TGA	0.28844
TGC	0.60982
TGG	0.25169
ATT	0.64887
ATA	0.49108
ATC	0.01745
ATG	0.15710
AAT	0.66560
AAA	0.69105
AAC	0.03175
AAG	0.45095
ACT	0.34201
ACA	0.44840
ACC	0.45115
ACG	0.68509
AGT	0.26370
AGA	0.09350
AGC	0.37004
AGG	0.11966
CTT	0.44199
CTA	0.51503
CTC	0.57396
CTG	0.61874
CAT	0.18999
CAA	0.44799
CAC	0.58953
CAG	0.27448
CCT	0.14673
CCA	0.25013
CCC	0.75606
CCG	0.85000
CGT	0.50901
CGA	0.74534
CGC	0.74996
CGG	0.85931
GTT	0.39369
GTA	0.43454
GTC	0.47976
GTG	0.63206
GAT	0.57675
GAA	0.36707
GAC	0.36466
GAG	0.14140
GCT	0.52306
GCA	0.42494
GCC	0.64511
GCG	0.71973
GGT	0.35212
GGA	0.09563
GGC	0.57642
GGG	0.37038

dicodons: 

	F	L	Y	S	C	W	I	M	N	K	T	R	H	Q	P	V	D	E	A	G
20
F	0.3319	0.2346	0.3426	0.3673	0.3481	0.5436	0.6222	0.2277	0.5224	0.7733	0.3577	0.1224	0.2177	0.2931	0.5770	0.3319	0.7355	0.6919	0.3218	0.0873
L	0.1478	0.0677	0.0379	0.2032	0.4235	0.3535	0.4760	0.2504	0.6202	0.7614	0.2174	0.4988	0.4383	0.1151	0.2090	0.0873	0.5565	0.4113	0.2665	0.0248
Y	0.3877	0.3501	0.4913	0.0524	0.2174	0.2174	0.3587	0.4522	0.7100	0.5844	0.1211	0.4690	0.0264	0.7391	0.1783	0.1141	0.5405	0.2087	0.0505	0.0358
S	0.2331	0.1931	0.3539	0.5530	0.3755	0.1481	0.4872	0.3700	0.3955	0.5461	0.2038	0.6590	0.5665	0.0873	0.6518	0.2717	0.0232	0.1666	0.1607	0.2632
C	0.3152	0.2639	0.6157	0.4980	0.8003	0.4784	0.3755	0.7972	0.5436	0.3305	0.7234	0.8413	0.4295	0.7262	0.5238	0.6825	0.3362	0.6242	0.6958	0.7167
W	0.7012	0.0508	0.5786	0.3755	0.6088	0.8596	0.0413	0.0873	0.0873	0.2504	0.0505	0.6088	0.2174	0.1786	0.9493	0.6349	0.4929	0.0139	0.7118	0.0870
I	0.2134	0.3450	0.4311	0.1783	0.4067	0.4943	0.5358	0.2878	0.5931	0.8690	0.5248	0.0961	0.0413	0.2087	0.1449	0.2430	0.6348	0.7444	0.5523	0.3360
M	0.3526	0.3714	0.2696	0.0626	0.8289	0.2014	0.2266	0.3913	0.6932	0.3426	0.3007	0.1786	0.7392	0.4522	0.0177	0.2435	0.4234	0.3152	0.1297	0.0492
N	0.7809	0.5786	0.2239	0.0940	0.2979	0.5891	0.5571	0.3837	0.6411	0.6996	0.1673	0.0197	0.1947	0.6819	0.3369	0.2074	0.4796	0.6447	0.4131	0.5070
K	0.8595	0.5344	0.5713	0.6087	0.0609	0.6348	0.6932	0.6466	0.6522	0.7366	0.6259	0.2696	0.6207	0.6736	0.4718	0.5179	0.6904	0.6447	0.7173	0.5172
T	0.2231	0.2026	0.2215	0.3324	0.6292	0.2483	0.5786	0.1326	0.1728	0.6964	0.3280	0.6637	0.4169	0.2174	0.5718	0.2156	0.4140	0.1938	0.4226	0.1193
R	0.1809	0.2189	0.4444	0.6421	0.8611	0.5635	0.0473	0.6007	0.4435	0.4333	0.6088	0.8834	0.7834	0.3104	0.6658	0.4704	0.5943	0.6059	0.4883	0.7152
H	0.1098	0.1618	0.1965	0.2460	0.4784	0.5436	0.2774	0.5436	0.3837	0.1927	0.6538	0.6063	0.3611	0.0087	0.8225	0.6223	0.7066	0.5436	0.6032	0.5553
Q	0.4783	0.4919	0.1235	0.5418	0.7718	0.6348	0.2174	0.7050	0.1783	0.5236	0.2979	0.5519	0.4841	0.2140	0.5943	0.2698	0.0870	0.3638	0.3935	0.4388
P	0.1141	0.1916	0.1927	0.3599	0.3915	0.6958	0.3854	0.6242	0.3426	0.2014	0.5571	0.8400	0.5973	0.7047	0.7496	0.4208	0.2554	0.4383	0.6370	0.7087
V	0.0833	0.1952	0.3426	0.0873	0.6681	0.3915	0.4352	0.1380	0.2290	0.4775	0.3632	0.4803	0.4784	0.3586	0.4118	0.3014	0.1073	0.2456	0.1898	0.2563
D	0.5387	0.3028	0.7809	0.1288	0.1478	0.3152	0.4923	0.3258	0.5344	0.6713	0.2888	0.2140	0.1525	0.0505	0.7718	0.0112	0.4522	0.1151	0.0061	0.3224
E	0.5811	0.4771	0.5617	0.4971	0.8596	0.6016	0.4928	0.1652	0.4750	0.6072	0.0670	0.2901	0.1575	0.3218	0.4010	0.3305	0.0873	0.4180	0.1509	0.2090
A	0.3102	0.1587	0.1655	0.2206	0.3807	0.7066	0.3375	0.5190	0.5414	0.6739	0.3719	0.4765	0.5436	0.1350	0.4396	0.3337	0.1965	0.2430	0.5110	0.0021
G	0.3426	0.0014	0.3200	0.3878	0.8310	0.2901	0.5644	0.4303	0.5543	0.5162	0.2235	0.6958	0.4676	0.2696	0.9255	0.2584	0.1090	0.3698	0.1380	0.5267