codons: 

64
TTT	0.29964
TTA	0.62772
TTC	0.35292
TTG	0.21402
TAT	0.26218
TAA	0.24089
TAC	0.15662
TAG	0.20496
TCT	0.05217
TCA	0.14704
TCC	0.60160
TCG	0.52952
TGT	0.34994
TGA	0.54252
TGC	0.46854
TGG	0.14906
ATT	0.39130
ATA	0.21712
ATC	0.56695
ATG	0.20585
AAT	0.26200
AAA	0.50269
AAC	0.07493
AAG	0.09233
ACT	0.50564
ACA	0.38372
ACC	0.59717
ACG	0.43738
AGT	0.41725
AGA	0.13870
AGC	0.09973
AGG	0.47225
CTT	0.20544
CTA	0.68847
CTC	0.66161
CTG	0.69730
CAT	0.44861
CAA	0.27529
CAC	0.54073
CAG	0.42542
CCT	0.04713
CCA	0.33845
CCC	0.76440
CCG	0.59477
CGT	0.53291
CGA	0.54585
CGC	0.66659
CGG	0.85026
GTT	0.18016
GTA	0.46187
GTC	0.51808
GTG	0.64851
GAT	0.14477
GAA	0.30851
GAC	0.16052
GAG	0.09709
GCT	0.48214
GCA	0.28328
GCC	0.66910
GCG	0.51623
GGT	0.06488
GGA	0.30382
GGC	0.14241
GGG	0.61921

dicodons: 

	F	L	Y	S	C	W	I	M	N	K	T	R	H	Q	P	V	D	E	A	G
20
F	0.3827	0.2854	0.0724	0.3101	0.0337	0.0144	0.1596	0.2408	0.2216	0.1780	0.2115	0.5705	0.4927	0.3851	0.5281	0.2753	0.0430	0.0034	0.2201	0.3589
L	0.0645	0.1522	0.4916	0.0566	0.5792	0.4136	0.2709	0.0990	0.0393	0.3824	0.2590	0.5026	0.0504	0.3254	0.0797	0.0255	0.0405	0.2792	0.1820	0.2904
Y	0.5191	0.4787	0.4901	0.1721	0.0144	0.7770	0.5668	0.4202	0.4965	0.3577	0.5191	0.3310	0.0941	0.3791	0.4389	0.1142	0.3101	0.3519	0.3179	0.0061
S	0.0551	0.1376	0.1320	0.0052	0.1200	0.5341	0.0975	0.2132	0.0165	0.5011	0.0090	0.3536	0.0337	0.1057	0.5887	0.2533	0.2393	0.0419	0.1592	0.2867
C	0.4884	0.5737	0.1130	0.2503	0.6894	0.8551	0.2371	0.4202	0.0144	0.3101	0.3659	0.5705	0.6376	0.1376	0.5652	0.5502	0.7282	0.6376	0.0776	0.0682
W	0.4328	0.0686	0.6550	0.1883	0.5169	0.5859	0.3788	0.8390	0.5942	0.1031	0.4660	0.4202	0.0337	0.4481	0.7584	0.5974	0.3310	0.3236	0.4884	0.0144
I	0.0557	0.0447	0.2892	0.0447	0.4685	0.1622	0.0341	0.0637	0.2968	0.3537	0.1659	0.4884	0.7172	0.1807	0.4488	0.0657	0.1846	0.3822	0.2424	0.0490
M	0.0117	0.4651	0.1622	0.3196	0.8188	0.2753	0.1509	0.8965	0.0341	0.2143	0.3043	0.6866	0.5652	0.4021	0.6163	0.2949	0.1142	0.2718	0.1376	0.3558
N	0.0464	0.1869	0.4301	0.3853	0.6655	0.1474	0.1901	0.4202	0.0808	0.4345	0.4569	0.2474	0.4202	0.0390	0.3741	0.0741	0.2570	0.4224	0.2687	0.4738
K	0.1883	0.5378	0.4678	0.0987	0.1509	0.4826	0.3410	0.4123	0.6058	0.5501	0.3519	0.0557	0.4481	0.3758	0.2270	0.3882	0.4001	0.4866	0.3975	0.4190
T	0.0677	0.1516	0.4205	0.3101	0.3236	0.0592	0.1929	0.0941	0.1533	0.4234	0.2861	0.4502	0.7101	0.1057	0.0801	0.3101	0.1130	0.2599	0.1175	0.1526
R	0.5898	0.3961	0.0464	0.6855	0.5423	0.9237	0.4592	0.7929	0.1847	0.3242	0.5502	0.7412	0.7303	0.2584	0.7282	0.6549	0.3155	0.2028	0.4306	0.4400
H	0.2438	0.2546	0.2753	0.5705	0.2753	0.3558	0.7258	0.9094	0.1261	0.1303	0.4927	0.8501	1.0000	0.3961	0.8926	0.5589	0.6376	0.0801	0.3478	0.1545
Q	0.4202	0.0577	0.0226	0.2289	0.4202	0.6167	0.3659	0.1080	0.3347	0.2892	0.0579	0.5169	0.4478	0.2066	0.4202	0.1057	0.0004	0.1169	0.3748	0.0101
P	0.0889	0.0481	0.5169	0.5108	0.3961	0.6779	0.4047	0.2371	0.1080	0.1236	0.1098	0.8390	0.9195	0.5942	0.4729	0.5437	0.4516	0.5652	0.1608	0.7770
V	0.0504	0.2524	0.0390	0.0538	0.4927	0.4363	0.0760	0.0874	0.2195	0.3220	0.1721	0.0562	0.5792	0.1303	0.3516	0.3732	0.1394	0.3101	0.1285	0.0547
D	0.2904	0.0893	0.2273	0.3310	0.0776	0.3310	0.1089	0.5705	0.2909	0.4895	0.2003	0.2390	0.7365	0.7868	0.2003	0.1184	0.0682	0.2526	0.4643	0.2094
E	0.0571	0.4950	0.1911	0.3922	0.4565	0.0801	0.3339	0.1285	0.3867	0.5149	0.2367	0.4155	0.2028	0.3298	0.2149	0.2940	0.0131	0.1130	0.0430	0.5072
A	0.1010	0.1918	0.0820	0.1382	0.4729	0.3484	0.1317	0.5033	0.3676	0.4460	0.3571	0.4871	0.2753	0.0740	0.4616	0.2172	0.3524	0.2772	0.8367	0.1755
G	0.2626	0.0337	0.3101	0.0435	0.5859	0.0337	0.2181	0.6135	0.3101	0.3561	0.0941	0.5540	0.5942	0.1990	0.7101	0.2968	0.2069	0.1817	0.1883	0.2132