codons: 

64
TTT	0.10429
TTA	0.16064
TTC	0.27357
TTG	0.03763
TAT	0.29774
TAA	0.02598
TAC	0.35681
TAG	0.14194
TCT	0.26140
TCA	0.20793
TCC	0.53797
TCG	0.46729
TGT	0.63419
TGA	0.13266
TGC	0.31826
TGG	0.40385
ATT	0.08399
ATA	0.49428
ATC	0.37046
ATG	0.23880
AAT	0.31564
AAA	0.26505
AAC	0.15399
AAG	0.39385
ACT	0.16100
ACA	0.24069
ACC	0.38172
ACG	0.12269
AGT	0.12743
AGA	0.37565
AGC	0.58053
AGG	0.09514
CTT	0.32696
CTA	0.22445
CTC	0.41800
CTG	0.10429
CAT	0.52371
CAA	0.50969
CAC	0.40922
CAG	0.52261
CCT	0.20430
CCA	0.14263
CCC	0.53085
CCG	0.23789
CGT	0.06709
CGA	0.04294
CGC	0.52879
CGG	0.45905
GTT	0.25266
GTA	0.06231
GTC	0.09495
GTG	0.51758
GAT	0.40284
GAA	0.39391
GAC	0.25628
GAG	0.17308
GCT	0.57943
GCA	0.51489
GCC	0.16073
GCG	0.06952
GGT	0.42626
GGA	0.16796
GGC	0.63832
GGG	0.42828

dicodons: 

	F	L	Y	S	C	W	I	M	N	K	T	R	H	Q	P	V	D	E	A	G
20
F	0.5598	0.1073	0.5363	0.1888	0.4114	0.5519	0.0115	0.2485	0.4098	0.0880	0.1337	0.4114	0.2561	0.3279	0.1073	0.1764	0.0435	0.6128	0.5682	0.0001
L	0.1140	0.1113	0.2532	0.0028	0.6812	0.3727	0.0258	0.4762	0.0088	0.3329	0.1868	0.2532	0.5218	0.3030	0.0068	0.0721	0.2249	0.4070	0.3727	0.3104
Y	0.0812	0.2449	0.4211	0.4876	0.7322	0.6174	0.2909	0.6174	0.2136	0.3836	0.2109	0.5081	0.2029	0.3204	0.5409	0.5324	0.3074	0.3030	0.2348	0.2595
S	0.1373	0.0513	0.3554	0.0961	0.1442	0.8838	0.3138	0.3269	0.1355	0.2279	0.2794	0.0179	0.3305	0.5313	0.4421	0.0967	0.0674	0.1153	0.5916	0.2735
C	0.5586	0.6584	0.5815	0.2826	0.2826	0.7609	0.7187	0.7267	0.6476	0.2986	0.6652	0.3624	0.6812	0.0852	0.3624	0.6557	0.7950	0.6413	0.2561	0.5218
W	0.5353	0.6341	0.2159	0.4465	0.4772	1.0000	0.4620	0.5218	0.6310	0.5818	0.0435	0.0435	0.4772	0.6863	1.0000	0.0435	0.4772	0.5519	0.4772	0.7013
I	0.0031	0.3092	0.2826	0.4079	0.6906	0.4772	0.4594	0.4850	0.4534	0.0868	0.0793	0.3479	0.7609	0.0053	0.2622	0.3796	0.4605	0.1886	0.0570	0.1368
M	0.4876	0.1764	0.5041	0.5218	0.9522	0.0435	0.0885	0.8725	0.0435	0.4192	0.0435	0.6356	0.5218	0.8606	0.1392	0.2826	0.6103	0.0435	0.2159	0.3248
N	0.2287	0.0105	0.3530	0.1256	0.6624	0.0435	0.5687	0.6174	0.6447	0.0230	0.1009	0.1669	0.5218	0.5893	0.3510	0.2099	0.3456	0.1733	0.4145	0.4507
K	0.1211	0.2387	0.3436	0.2412	0.2686	0.5426	0.0637	0.4192	0.0603	0.5454	0.3664	0.1733	0.3168	0.7511	0.2594	0.3096	0.0454	0.6110	0.7497	0.6332
T	0.1523	0.1947	0.2029	0.2831	0.7210	0.1446	0.3663	0.5218	0.0971	0.3290	0.0982	0.2744	0.6584	0.7289	0.5063	0.1845	0.3026	0.4867	0.5380	0.2296
R	0.5372	0.0381	0.3168	0.2414	0.5586	0.8634	0.3537	0.7267	0.2622	0.4879	0.0435	0.5372	0.6356	0.5723	0.1802	0.3479	0.2930	0.5248	0.3347	0.1390
H	0.3959	0.4261	0.6356	0.6356	0.5218	0.7386	0.7908	0.8937	0.1033	0.2348	0.6652	0.8207	1.0000	0.3727	0.8634	0.6062	0.3624	0.1802	0.3030	0.1073
Q	0.0852	0.3625	0.3248	0.4157	0.2348	0.7677	0.3030	0.2159	0.5146	0.5564	0.7989	0.2532	0.2348	0.6863	0.7013	0.8451	0.6341	0.6654	0.8366	0.7386
P	0.2872	0.0971	0.4899	0.1095	0.2681	0.2159	0.4054	0.1305	0.1171	0.3566	0.1568	0.4850	0.9203	0.4026	0.5010	0.2609	0.1038	0.3959	0.5723	0.3624
V	0.1740	0.3305	0.1885	0.2383	0.6280	0.8506	0.2495	0.0775	0.4749	0.0807	0.3727	0.0665	0.3851	0.3611	0.0967	0.1498	0.1740	0.0010	0.3397	0.5353
D	0.2233	0.0590	0.4022	0.3895	0.3913	0.0435	0.5218	0.3044	0.3248	0.2263	0.0971	0.0870	0.6174	0.4022	0.0998	0.0939	0.5623	0.0997	0.2930	0.0416
E	0.1287	0.4934	0.2701	0.0541	0.6413	0.5353	0.2609	0.2296	0.3262	0.6243	0.1992	0.2472	0.0435	0.7013	0.7116	0.4408	0.2159	0.4879	0.5616	0.0160
A	0.6198	0.4922	0.2296	0.3109	0.4114	0.7096	0.0626	0.4982	0.3901	0.5881	0.5485	0.5454	0.0707	0.6363	0.1958	0.3767	0.3528	0.6515	0.5218	0.6685
G	0.2790	0.3901	0.0435	0.2872	0.6812	0.6863	0.1286	0.1498	0.0740	0.5818	0.0242	0.0435	0.5218	0.7013	0.8087	0.4772	0.2429	0.4651	0.7847	0.3397