codons: 

64
TTT	0.65603
TTA	0.85861
TTC	0.65143
TTG	0.19579
TAT	0.60711
TAA	0.17747
TAC	0.57044
TAG	0.11655
TCT	0.55392
TCA	0.16968
TCC	0.90043
TCG	0.80881
TGT	0.43816
TGA	0.85348
TGC	0.87598
TGG	0.39334
ATT	0.71356
ATA	0.71481
ATC	0.73642
ATG	0.27458
AAT	0.78167
AAA	0.77887
AAC	0.44496
AAG	0.05349
ACT	0.50848
ACA	0.21977
ACC	0.73736
ACG	0.69822
AGT	0.40720
AGA	0.00812
AGC	0.73214
AGG	0.07484
CTT	0.16709
CTA	0.19308
CTC	0.96837
CTG	0.82613
CAT	0.33020
CAA	0.13979
CAC	0.82898
CAG	0.37788
CCT	0.38222
CCA	0.32932
CCC	0.87323
CCG	0.89517
CGT	0.44383
CGA	0.91011
CGC	0.95920
CGG	0.90251
GTT	0.48991
GTA	0.65199
GTC	0.93197
GTG	0.74186
GAT	0.73045
GAA	0.67088
GAC	0.83491
GAG	0.69076
GCT	0.55368
GCA	0.36465
GCC	0.82760
GCG	0.63660
GGT	0.62058
GGA	0.31841
GGC	0.74159
GGG	0.60035

dicodons: 

	F	L	Y	S	C	W	I	M	N	K	T	R	H	Q	P	V	D	E	A	G
20
F	0.2949	0.4292	0.5770	0.3716	0.3246	0.4681	0.7688	0.2363	0.6254	0.7831	0.2009	0.0834	0.1895	0.1490	0.5849	0.4124	0.6475	0.8237	0.0352	0.1187
L	0.0818	0.1097	0.1184	0.0045	0.6268	0.7636	0.6834	0.1667	0.6259	0.8152	0.1037	0.6861	0.3818	0.2207	0.3696	0.0303	0.6254	0.5839	0.1203	0.1422
Y	0.4641	0.3831	0.3453	0.1322	0.6475	0.4964	0.3231	0.7974	0.7356	0.7904	0.0482	0.5616	0.0385	0.1187	0.2949	0.3743	0.5417	0.4908	0.1272	0.1836
S	0.3113	0.1301	0.2629	0.6092	0.8507	0.3381	0.5153	0.5067	0.4497	0.6702	0.2908	0.5636	0.6809	0.6132	0.6198	0.4699	0.0431	0.0733	0.2990	0.1133
C	0.0072	0.6340	0.4775	0.6809	1.0000	0.5948	0.1789	0.8424	0.3922	0.3537	0.9140	0.9075	0.9114	0.1490	0.8150	0.6917	0.6132	0.9166	0.9475	0.7066
W	0.7885	0.3759	0.1187	0.3282	0.5948	0.7818	0.1895	0.3922	0.2949	0.6727	0.7818	0.7974	0.7163	0.4327	1.0000	0.1490	0.2949	0.0935	0.6268	0.2908
I	0.5971	0.5153	0.4990	0.4042	0.4327	0.2908	0.7246	0.2362	0.6605	0.8859	0.4712	0.3537	0.4935	0.0352	0.0599	0.4046	0.6403	0.8065	0.2759	0.3121
M	0.1272	0.3111	0.1895	0.5400	1.0000	0.6454	0.0599	0.7163	0.7650	0.5119	0.4800	0.7636	0.6961	0.2908	0.5636	0.2175	0.5745	0.4124	0.3073	0.4090
N	0.8734	0.6415	0.6133	0.4586	0.1272	0.4712	0.7023	0.2068	0.5679	0.7394	0.1357	0.2121	0.5829	0.6034	0.1892	0.3691	0.5941	0.8120	0.0385	0.5467
K	0.8825	0.7394	0.7734	0.5254	0.0545	0.7650	0.7915	0.3590	0.7482	0.7202	0.6411	0.0305	0.5467	0.6052	0.2068	0.4325	0.7917	0.6746	0.7650	0.5300
T	0.0179	0.2237	0.0482	0.5404	0.9557	0.0823	0.4749	0.6268	0.2479	0.6475	0.5636	0.7574	0.8424	0.4327	0.4047	0.1445	0.3513	0.0908	0.1606	0.1449
R	0.2363	0.4272	0.6917	0.4855	0.9075	0.5683	0.2199	0.5568	0.3773	0.1187	0.6353	0.8938	0.8558	0.8739	0.8002	0.5798	0.5903	0.4843	0.4628	0.7958
H	0.4545	0.5369	0.0974	0.4450	0.5948	0.5272	0.4681	0.8582	0.6848	0.1026	0.7555	0.8888	0.6454	0.4775	0.8818	0.5598	0.6961	0.5272	0.5067	0.6363
Q	0.5593	0.2479	0.0781	0.1465	0.8818	0.2949	0.2949	0.5887	0.3320	0.4124	0.3818	0.7421	0.8150	0.6848	0.6454	0.2751	0.0545	0.3654	0.2680	0.3922
P	0.2491	0.3314	0.2407	0.5764	0.9409	0.8424	0.5230	0.8331	0.0935	0.2908	0.5620	0.8245	0.9166	0.7497	0.8996	0.3181	0.5148	0.1636	0.6777	0.2154
V	0.0966	0.0240	0.2597	0.0943	0.6562	0.5272	0.2499	0.1333	0.4747	0.5446	0.2744	0.6060	0.6454	0.1567	0.5272	0.1214	0.4651	0.3699	0.3785	0.3171
D	0.6581	0.5065	0.7241	0.3537	0.3922	0.2949	0.5941	0.0599	0.5719	0.7180	0.1184	0.2121	0.0129	0.6015	0.0692	0.1322	0.5714	0.1026	0.3103	0.3096
E	0.6605	0.4712	0.5971	0.2474	0.3454	0.5971	0.6083	0.0599	0.6045	0.7321	0.0860	0.4484	0.5636	0.1817	0.5568	0.5691	0.4396	0.2395	0.6026	0.4712
A	0.1438	0.0270	0.1085	0.5697	0.9493	0.8987	0.3334	0.4484	0.6475	0.7062	0.4357	0.6246	0.5948	0.2706	0.5770	0.1916	0.5526	0.2949	0.3212	0.1490
G	0.5610	0.0656	0.4231	0.1871	0.4747	0.3696	0.2244	0.0181	0.6065	0.5108	0.2591	0.7061	0.7636	0.1136	0.6237	0.0753	0.2207	0.1026	0.0939	0.1989