codons: 

64
TTT	0.35510
TTA	0.55932
TTC	0.40414
TTG	0.12343
TAT	0.46689
TAA	0.26632
TAC	0.13554
TAG	0.01928
TCT	0.08444
TCA	0.43111
TCC	0.61736
TCG	0.53906
TGT	0.43268
TGA	0.08297
TGC	0.57731
TGG	0.21449
ATT	0.43156
ATA	0.43767
ATC	0.06849
ATG	0.06510
AAT	0.46658
AAA	0.49835
AAC	0.03560
AAG	0.31294
ACT	0.04511
ACA	0.44266
ACC	0.38420
ACG	0.24151
AGT	0.12176
AGA	0.23101
AGC	0.24943
AGG	0.22139
CTT	0.11410
CTA	0.35909
CTC	0.42383
CTG	0.58543
CAT	0.19251
CAA	0.17365
CAC	0.48249
CAG	0.27696
CCT	0.46307
CCA	0.01861
CCC	0.76720
CCG	0.68797
CGT	0.17644
CGA	0.63711
CGC	0.67897
CGG	0.67631
GTT	0.42290
GTA	0.24941
GTC	0.26497
GTG	0.51455
GAT	0.46209
GAA	0.04583
GAC	0.22760
GAG	0.03667
GCT	0.36542
GCA	0.28624
GCC	0.57729
GCG	0.55098
GGT	0.39124
GGA	0.28340
GGC	0.37909
GGG	0.17395

dicodons: 

	F	L	Y	S	C	W	I	M	N	K	T	R	H	Q	P	V	D	E	A	G
20
F	0.1096	0.0739	0.1102	0.1426	0.1263	0.3970	0.4349	0.2582	0.2796	0.4752	0.3407	0.3462	0.4086	0.0312	0.4707	0.2767	0.4752	0.4635	0.1824	0.1527
L	0.0895	0.0269	0.0571	0.1705	0.3970	0.3193	0.2365	0.0262	0.3549	0.4524	0.0709	0.3641	0.4788	0.0996	0.3247	0.0558	0.2846	0.0769	0.1071	0.0571
Y	0.2884	0.1799	0.6098	0.1774	0.5279	0.2196	0.6193	0.2753	0.5868	0.2196	0.0996	0.0489	0.1799	0.5355	0.0847	0.4561	0.2448	0.1458	0.0375	0.0947
S	0.1806	0.0161	0.1595	0.4331	0.3468	0.3814	0.3275	0.3366	0.2599	0.2642	0.0292	0.6749	0.4467	0.2582	0.5569	0.0220	0.4755	0.1030	0.0928	0.2724
C	0.0237	0.4477	0.3970	0.3444	0.7197	0.6583	0.5101	0.8493	0.6550	0.0895	0.5729	0.6693	0.3593	0.7977	0.4875	0.6339	0.5119	0.4394	0.6797	0.7043
W	0.2905	0.0201	0.5197	0.4447	0.0390	0.5729	0.4147	0.2196	0.4394	0.2196	0.1263	0.5565	0.4426	0.2792	0.9199	0.6797	0.3593	0.3898	0.5478	0.2312
I	0.0914	0.1517	0.5798	0.2293	0.3059	0.7299	0.1667	0.0635	0.5540	0.6183	0.4923	0.0508	0.2678	0.2629	0.2040	0.0777	0.7295	0.6098	0.3958	0.4442
M	0.3615	0.0533	0.4054	0.0453	0.7597	0.1081	0.3803	0.3496	0.5005	0.3496	0.3358	0.2939	0.8398	0.0034	0.1358	0.3311	0.0964	0.2678	0.0783	0.0293
N	0.1538	0.3296	0.0955	0.1595	0.0635	0.3970	0.3192	0.3166	0.5156	0.7105	0.2820	0.0710	0.0390	0.4210	0.0262	0.3358	0.5122	0.4094	0.4007	0.3887
K	0.3797	0.2781	0.2196	0.5302	0.1846	0.2196	0.4693	0.4210	0.5417	0.5423	0.5051	0.2551	0.2796	0.4354	0.2893	0.4589	0.4062	0.4832	0.6811	0.4048
T	0.1628	0.1211	0.2401	0.0450	0.6214	0.3100	0.5455	0.2521	0.2196	0.5957	0.0668	0.5923	0.1069	0.1638	0.4134	0.2196	0.3103	0.2049	0.1548	0.1299
R	0.1375	0.1736	0.1360	0.5833	0.7961	0.3872	0.1687	0.6678	0.4571	0.0850	0.5822	0.7663	0.6412	0.2973	0.5937	0.2656	0.4176	0.5942	0.5877	0.4684
H	0.3593	0.0462	0.4277	0.5942	0.7302	0.6156	0.0636	0.3757	0.1708	0.0553	0.3288	0.4002	0.2196	0.0709	0.8206	0.5607	0.3216	0.4234	0.7020	0.3757
Q	0.2939	0.0612	0.4693	0.1203	0.7739	0.0462	0.1750	0.5197	0.1545	0.2365	0.3898	0.4136	0.4051	0.2211	0.6639	0.0774	0.3410	0.0762	0.3171	0.1434
P	0.1709	0.2434	0.1885	0.3472	0.3593	0.6156	0.1388	0.6797	0.1263	0.1656	0.5140	0.7800	0.2881	0.7437	0.6744	0.5353	0.3593	0.5341	0.5017	0.7504
V	0.1559	0.1244	0.0251	0.0752	0.3849	0.4176	0.5173	0.4113	0.2629	0.3997	0.1263	0.3177	0.1458	0.4875	0.5729	0.0192	0.1184	0.2452	0.1899	0.3024
D	0.3839	0.0659	0.5317	0.0721	0.3930	0.2115	0.3338	0.2068	0.3757	0.6748	0.4934	0.2644	0.0746	0.1155	0.8263	0.3396	0.6350	0.2196	0.2196	0.5071
E	0.3803	0.2462	0.4277	0.2479	0.8780	0.4324	0.4653	0.3682	0.3009	0.2638	0.0839	0.1968	0.2312	0.2382	0.3593	0.0317	0.3267	0.4247	0.2979	0.3830
A	0.2918	0.0384	0.1220	0.2018	0.4707	0.4986	0.3648	0.4480	0.0744	0.6005	0.0352	0.5195	0.4394	0.0964	0.4661	0.1866	0.3583	0.2054	0.3507	0.0387
G	0.2621	0.1273	0.2196	0.3708	0.8314	0.0034	0.3888	0.1571	0.4180	0.5236	0.0005	0.4902	0.6014	0.0678	0.8995	0.0395	0.1434	0.3364	0.0319	0.3867