codons: 

64
TTT	0.08786
TTA	0.18115
TTC	0.36118
TTG	0.16455
TAT	0.44206
TAA	0.20500
TAC	0.41538
TAG	0.23417
TCT	0.03687
TCA	0.35929
TCC	0.29667
TCG	0.19858
TGT	0.06357
TGA	0.32960
TGC	0.45394
TGG	0.02262
ATT	0.23634
ATA	0.38476
ATC	0.39674
ATG	0.14119
AAT	0.31071
AAA	0.18284
AAC	0.16438
AAG	0.28820
ACT	0.33075
ACA	0.13469
ACC	0.24870
ACG	0.32441
AGT	0.29606
AGA	0.32556
AGC	0.32676
AGG	0.22716
CTT	0.19804
CTA	0.52566
CTC	0.17299
CTG	0.07504
CAT	0.14263
CAA	0.02759
CAC	0.33948
CAG	0.17284
CCT	0.30334
CCA	0.06719
CCC	0.49099
CCG	0.22366
CGT	0.36452
CGA	0.05684
CGC	0.22345
CGG	0.15070
GTT	0.32800
GTA	0.23391
GTC	0.14108
GTG	0.27216
GAT	0.36332
GAA	0.23451
GAC	0.09037
GAG	0.25155
GCT	0.26474
GCA	0.15029
GCC	0.28242
GCG	0.12515
GGT	0.14734
GGA	0.37941
GGC	0.20495
GGG	0.10464

dicodons: 

	F	L	Y	S	C	W	I	M	N	K	T	R	H	Q	P	V	D	E	A	G
20
F	0.3072	0.3096	0.1651	0.1060	0.3442	0.2928	0.4786	0.2474	0.4455	0.4207	0.0186	0.2452	0.0752	0.0323	0.1102	0.4902	0.2456	0.5308	0.2962	0.3922
L	0.1266	0.1777	0.0473	0.0565	0.2692	0.3613	0.1951	0.1103	0.4004	0.2302	0.1632	0.0916	0.4091	0.2851	0.4882	0.0210	0.0979	0.0951	0.2608	0.0816
Y	0.1080	0.3407	0.3150	0.0989	0.3672	0.5521	0.3839	0.2791	0.4455	0.1066	0.2526	0.1682	0.2306	0.1344	0.2487	0.4686	0.1584	0.2756	0.0948	0.3108
S	0.1682	0.0339	0.1043	0.3130	0.3399	0.1385	0.3644	0.1920	0.3172	0.1438	0.0688	0.3361	0.4262	0.2565	0.1685	0.1682	0.2069	0.1541	0.1701	0.3785
C	0.0267	0.2952	0.3635	0.1892	0.4740	0.1985	0.3281	0.6464	0.5376	0.3702	0.3588	0.0450	0.0382	0.3672	0.1985	0.1969	0.0840	0.0983	0.6326	0.5684
W	0.6384	0.0453	0.0983	0.1985	0.4455	0.2871	0.5247	0.3531	0.2486	0.1774	0.0369	0.3064	0.3069	0.3989	0.0983	0.0983	0.3602	0.1412	0.1682	0.3989
I	0.3069	0.2298	0.3150	0.2699	0.3346	0.5597	0.4242	0.0482	0.3723	0.4942	0.4455	0.4716	0.4320	0.3852	0.2268	0.1682	0.5841	0.5841	0.0649	0.2335
M	0.3195	0.2673	0.2172	0.1343	0.3989	0.0983	0.5321	0.5544	0.6198	0.4928	0.3346	0.0922	0.6243	0.5659	0.0494	0.1907	0.0163	0.1842	0.1563	0.0163
N	0.1380	0.1556	0.3281	0.0494	0.6161	0.1682	0.3685	0.1985	0.2697	0.6174	0.0330	0.3602	0.3346	0.5095	0.0548	0.3476	0.5049	0.3531	0.3252	0.1313
K	0.3554	0.1080	0.2915	0.3941	0.1256	0.1682	0.3372	0.1682	0.0383	0.1544	0.3024	0.2060	0.3989	0.2558	0.0573	0.0797	0.2722	0.3632	0.4902	0.2202
T	0.0185	0.0958	0.3176	0.2061	0.5901	0.3064	0.2890	0.2029	0.5533	0.3613	0.1244	0.2076	0.0892	0.0649	0.3047	0.3169	0.2976	0.2387	0.2966	0.0352
R	0.1839	0.0435	0.3215	0.0348	0.4808	0.0068	0.3917	0.1979	0.0219	0.1513	0.2421	0.3648	0.0328	0.1662	0.0617	0.0763	0.0163	0.1985	0.4146	0.4372
H	0.1359	0.2349	0.4282	0.4590	0.3672	0.0758	0.4155	0.7921	0.2558	0.0435	0.1266	0.2582	0.3531	0.1336	0.3508	0.2099	0.4108	0.5191	0.4408	0.2601
Q	0.6049	0.1888	0.1682	0.2631	0.2928	0.4535	0.3588	0.0232	0.1990	0.0916	0.2367	0.1442	0.0983	0.4578	0.3102	0.1584	0.0038	0.1053	0.2885	0.0871
P	0.1749	0.2328	0.0382	0.0926	0.0983	0.0758	0.0940	0.1842	0.0616	0.1682	0.4472	0.2349	0.1985	0.4535	0.6748	0.2866	0.2825	0.2714	0.4924	0.5940
V	0.2399	0.0482	0.0189	0.0036	0.0382	0.0163	0.3762	0.1227	0.1842	0.2704	0.1803	0.3286	0.3561	0.4451	0.4749	0.0896	0.2072	0.0830	0.2962	0.2888
D	0.3069	0.0044	0.1979	0.2578	0.3040	0.1682	0.5305	0.3531	0.2806	0.4380	0.3966	0.1094	0.3195	0.5841	0.4091	0.2044	0.4257	0.0983	0.1140	0.0926
E	0.4523	0.0042	0.4618	0.0330	0.5420	0.4455	0.4504	0.4108	0.1059	0.0758	0.1362	0.1012	0.1682	0.0030	0.0554	0.2105	0.0423	0.2271	0.2918	0.1017
A	0.0522	0.2856	0.0019	0.2708	0.4250	0.1114	0.2024	0.2538	0.0359	0.3252	0.4201	0.2486	0.3237	0.0163	0.4991	0.3832	0.3452	0.0554	0.4232	0.4167
G	0.2412	0.0388	0.2906	0.3452	0.5571	0.0019	0.2886	0.2514	0.0437	0.3019	0.2095	0.3278	0.3321	0.0588	0.7643	0.2035	0.2938	0.0867	0.4657	0.2807