codons: 

64
TTT	0.48143
TTA	0.75188
TTC	0.06033
TTG	0.21223
TAT	0.59610
TAA	0.34473
TAC	0.30092
TAG	0.10163
TCT	0.24373
TCA	0.53558
TCC	0.71388
TCG	0.72667
TGT	0.43803
TGA	0.47051
TGC	0.73211
TGG	0.17059
ATT	0.71286
ATA	0.56409
ATC	0.31944
ATG	0.02500
AAT	0.68110
AAA	0.74972
AAC	0.27818
AAG	0.48370
ACT	0.49099
ACA	0.47222
ACC	0.73025
ACG	0.65425
AGT	0.30596
AGA	0.10979
AGC	0.37234
AGG	0.53885
CTT	0.51021
CTA	0.50303
CTC	0.79307
CTG	0.74252
CAT	0.35487
CAA	0.50214
CAC	0.75939
CAG	0.52311
CCT	0.05207
CCA	0.16145
CCC	0.87433
CCG	0.84876
CGT	0.56180
CGA	0.69941
CGC	0.79834
CGG	0.94472
GTT	0.42118
GTA	0.47081
GTC	0.60288
GTG	0.80610
GAT	0.41423
GAA	0.64888
GAC	0.10872
GAG	0.39769
GCT	0.47064
GCA	0.32042
GCC	0.80065
GCG	0.73584
GGT	0.15142
GGA	0.11110
GGC	0.53486
GGG	0.67585

dicodons: 

	F	L	Y	S	C	W	I	M	N	K	T	R	H	Q	P	V	D	E	A	G
20
F	0.4700	0.2663	0.2447	0.4305	0.5271	0.4569	0.7070	0.0479	0.5277	0.7943	0.2174	0.2361	0.3794	0.1311	0.5762	0.3503	0.6362	0.7315	0.5446	0.1843
L	0.2353	0.0647	0.4771	0.1451	0.7060	0.0332	0.5972	0.0893	0.6325	0.7928	0.2541	0.6439	0.3953	0.2481	0.4483	0.0131	0.4172	0.5671	0.0908	0.2008
Y	0.5362	0.3734	0.5446	0.1407	0.4246	0.5035	0.5503	0.0601	0.8040	0.6944	0.3409	0.5938	0.1725	0.5972	0.0070	0.1968	0.5013	0.6826	0.2361	0.2615
S	0.2644	0.2913	0.4023	0.4554	0.4447	0.2552	0.4629	0.0248	0.4515	0.6406	0.2737	0.5499	0.5656	0.1819	0.7313	0.3606	0.1507	0.0498	0.0869	0.1176
C	0.2552	0.5996	0.5427	0.5345	0.8836	0.8227	0.3467	0.7242	0.3794	0.1944	0.7367	0.7841	0.6897	0.0070	0.6762	0.5143	0.6615	0.7810	0.6782	0.6148
W	0.7315	0.0070	0.6643	0.0996	0.6454	0.8090	0.2020	0.8227	0.6683	0.0452	0.3316	0.6454	0.0070	0.1944	0.8621	0.5862	0.1725	0.0346	0.6080	0.1311
I	0.4754	0.4319	0.3409	0.2563	0.3173	0.3095	0.6901	0.2519	0.5972	0.8878	0.5671	0.1138	0.2907	0.1944	0.0452	0.3622	0.5423	0.8317	0.3997	0.1291
M	0.3018	0.0904	0.1944	0.2284	0.9224	0.5345	0.5042	0.7517	0.7744	0.5972	0.0070	0.6690	0.7340	0.2481	0.5703	0.2296	0.2676	0.5524	0.0763	0.3794
N	0.7744	0.5684	0.4045	0.3701	0.4271	0.7583	0.6672	0.0937	0.4113	0.7755	0.3486	0.1944	0.2698	0.7410	0.0248	0.2792	0.6075	0.7752	0.5166	0.6313
K	0.8815	0.7341	0.7928	0.5452	0.2563	0.7986	0.7475	0.7016	0.7123	0.7811	0.6582	0.1756	0.5166	0.7315	0.0937	0.4984	0.7723	0.7752	0.7277	0.6325
T	0.1508	0.0331	0.1299	0.1955	0.7285	0.1968	0.4680	0.0200	0.4141	0.7234	0.5499	0.6407	0.8276	0.1049	0.4483	0.0149	0.4706	0.4287	0.4554	0.1725
R	0.5226	0.4032	0.3254	0.7201	0.8381	0.9460	0.2242	0.6897	0.1826	0.5068	0.6808	0.9180	0.8317	0.3932	0.7902	0.7701	0.5311	0.3794	0.5862	0.8312
H	0.1272	0.5440	0.0973	0.5683	0.1134	0.1725	0.6380	0.8759	0.5166	0.0601	0.7004	0.9270	1.0000	0.3467	0.9310	0.7004	0.7340	0.5862	0.5143	0.5544
Q	0.4965	0.3712	0.2552	0.4550	0.5862	0.7315	0.0409	0.2951	0.4821	0.5117	0.1725	0.6840	0.5683	0.3104	0.5173	0.2552	0.3958	0.4199	0.2196	0.3958
P	0.1968	0.2198	0.2907	0.5647	0.4828	0.7242	0.1944	0.2698	0.3958	0.0085	0.4341	0.9104	0.9635	0.7444	0.8682	0.5942	0.5427	0.6181	0.6897	0.8944
V	0.1308	0.3460	0.3958	0.0448	0.7367	0.4207	0.2102	0.1470	0.0854	0.5694	0.2783	0.5173	0.6010	0.3961	0.5311	0.5096	0.0672	0.2481	0.4700	0.3104
D	0.6317	0.3233	0.7100	0.1537	0.1944	0.3286	0.6811	0.1944	0.6196	0.7100	0.3225	0.2759	0.6454	0.5226	0.3794	0.0690	0.0750	0.0601	0.5311	0.3662
E	0.6509	0.6512	0.6666	0.0601	0.7136	0.6419	0.6527	0.3216	0.5882	0.7608	0.2287	0.4253	0.0479	0.4015	0.1110	0.3817	0.2196	0.1185	0.1944	0.2966
A	0.1700	0.0102	0.3262	0.3863	0.6454	0.2020	0.2777	0.4199	0.6979	0.6948	0.4127	0.5802	0.6010	0.0484	0.7169	0.3545	0.2101	0.2711	0.9291	0.3214
G	0.0833	0.1238	0.5735	0.3340	0.8161	0.3104	0.3516	0.2361	0.4476	0.5435	0.4442	0.8211	0.6380	0.0793	0.9493	0.1932	0.1429	0.2131	0.4138	0.5633