codons: 

64
TTT	0.16009
TTA	0.30825
TTC	0.41175
TTG	0.17534
TAT	0.22781
TAA	0.17745
TAC	0.19813
TAG	0.01780
TCT	0.09898
TCA	0.03935
TCC	0.26771
TCG	0.21484
TGT	0.06803
TGA	0.25587
TGC	0.31342
TGG	0.09778
ATT	0.18225
ATA	0.14345
ATC	0.33131
ATG	0.13549
AAT	0.04633
AAA	0.18991
AAC	0.25451
AAG	0.05965
ACT	0.22642
ACA	0.04318
ACC	0.50853
ACG	0.08922
AGT	0.05739
AGA	0.01797
AGC	0.00366
AGG	0.47616
CTT	0.12226
CTA	0.02415
CTC	0.51430
CTG	0.32464
CAT	0.20356
CAA	0.09811
CAC	0.41381
CAG	0.34268
CCT	0.19116
CCA	0.37120
CCC	0.48486
CCG	0.00818
CGT	0.10752
CGA	0.15279
CGC	0.19351
CGG	0.60712
GTT	0.04534
GTA	0.06415
GTC	0.23666
GTG	0.47301
GAT	0.27744
GAA	0.44524
GAC	0.28716
GAG	0.29850
GCT	0.09902
GCA	0.15380
GCC	0.43827
GCG	0.05745
GGT	0.23651
GGA	0.19611
GGC	0.08934
GGG	0.48516

dicodons: 

	F	L	Y	S	C	W	I	M	N	K	T	R	H	Q	P	V	D	E	A	G
20
F	0.2066	0.0415	0.1296	0.0999	0.2747	0.1596	0.2246	0.2647	0.0111	0.0926	0.1793	0.1296	0.2067	0.3858	0.0021	0.0275	0.2731	0.1285	0.3286	0.1063
L	0.1027	0.0033	0.4969	0.0680	0.4900	0.3750	0.2313	0.1769	0.0325	0.1316	0.0468	0.2896	0.0712	0.1503	0.3026	0.0992	0.2391	0.2647	0.1932	0.1805
Y	0.2424	0.0359	0.1048	0.0931	0.2647	0.6114	0.2989	0.4172	0.3243	0.2647	0.4207	0.2350	0.1500	0.3524	0.1840	0.0934	0.0787	0.5989	0.2747	0.2341
S	0.0409	0.1217	0.0749	0.1792	0.1108	0.1257	0.0451	0.3540	0.0926	0.2081	0.0878	0.2424	0.0021	0.1037	0.2281	0.1220	0.1305	0.2081	0.0809	0.1650
C	0.4900	0.4560	0.1596	0.0727	0.4172	0.6600	0.0441	0.2647	0.2647	0.1689	0.0480	0.2647	0.4560	0.7243	0.3200	0.3464	0.4900	0.4172	0.0546	0.2647
W	0.1013	0.0441	0.2034	0.4377	0.0934	0.2647	0.2350	0.8057	0.6972	0.2842	0.3653	0.0934	0.2229	0.3382	0.6323	0.1176	0.3872	0.0480	0.2647	0.2067
I	0.3331	0.1327	0.1369	0.0950	0.1310	0.2677	0.3326	0.0480	0.0102	0.1437	0.0891	0.0196	0.3200	0.0178	0.1044	0.1575	0.2022	0.3415	0.2542	0.2376
M	0.0727	0.3089	0.0934	0.1769	0.5467	0.4172	0.3590	0.8489	0.2647	0.3872	0.3055	0.5970	0.0196	0.2714	0.5779	0.4172	0.2126	0.3464	0.0579	0.3472
N	0.0286	0.0236	0.2327	0.3048	0.1840	0.4118	0.2487	0.3200	0.3904	0.2526	0.2178	0.2102	0.0934	0.1859	0.3200	0.0905	0.2458	0.3673	0.1765	0.2522
K	0.1566	0.4289	0.5168	0.1396	0.2081	0.4485	0.1769	0.1558	0.1728	0.1688	0.0864	0.1140	0.2154	0.1772	0.4172	0.0390	0.2647	0.3673	0.0368	0.2389
T	0.0851	0.1753	0.1053	0.1701	0.2677	0.0641	0.2079	0.1500	0.5154	0.0891	0.3302	0.0641	0.7044	0.1257	0.2238	0.2273	0.0966	0.2914	0.0568	0.0604
R	0.4172	0.2360	0.1765	0.2180	0.1421	0.8764	0.2609	0.2229	0.3192	0.1296	0.1840	0.2966	0.2229	0.1200	0.3723	0.5660	0.1349	0.3650	0.1914	0.4072
H	0.0196	0.4560	0.2747	0.4274	0.4118	0.4485	0.4990	0.7280	0.2157	0.1411	0.1346	0.8145	1.0000	0.3524	0.6114	0.2067	0.0934	0.0934	0.1830	0.0021
Q	0.0349	0.1919	0.3472	0.1593	0.4485	0.2647	0.1840	0.5815	0.3697	0.0244	0.1516	0.2948	0.1631	0.1226	0.1596	0.0196	0.3382	0.0882	0.2229	0.0712
P	0.0934	0.0349	0.4274	0.3200	0.1500	0.0934	0.2371	0.4853	0.0809	0.2081	0.2172	0.4400	0.9093	0.1346	0.4736	0.2994	0.3858	0.3200	0.1452	0.6373
V	0.0518	0.1873	0.0809	0.1281	0.2067	0.0480	0.2850	0.2647	0.2948	0.1759	0.1176	0.0712	0.2350	0.0585	0.2028	0.2981	0.0430	0.0032	0.3458	0.0727
D	0.2017	0.0294	0.2445	0.0286	0.0546	0.0196	0.3719	0.1631	0.1830	0.1176	0.0474	0.0787	0.5815	0.5467	0.6323	0.0585	0.4078	0.0585	0.5282	0.5705
E	0.1666	0.3329	0.2393	0.5273	0.5098	0.1013	0.3154	0.1873	0.2157	0.3911	0.2803	0.1905	0.1978	0.1176	0.4675	0.0766	0.2877	0.3397	0.0512	0.1108
A	0.1689	0.1500	0.1925	0.2126	0.4274	0.6323	0.0828	0.1708	0.3413	0.0641	0.0650	0.1980	0.1257	0.1769	0.4949	0.0313	0.3653	0.0371	0.8549	0.3200
G	0.2829	0.1226	0.3728	0.0809	0.0809	0.0286	0.3282	0.5648	0.1932	0.0564	0.2842	0.4119	0.3200	0.2067	0.3200	0.0809	0.0381	0.5041	0.3200	0.0772