codons: 

64
TTT	0.53544
TTA	0.78787
TTC	0.78806
TTG	0.50206
TAT	0.28230
TAA	0.04712
TAC	0.27142
TAG	0.00174
TCT	0.44093
TCA	0.34425
TCC	0.86135
TCG	0.67090
TGT	0.35009
TGA	0.87341
TGC	0.75395
TGG	0.37758
ATT	0.39279
ATA	0.48782
ATC	0.83228
ATG	0.43831
AAT	0.49474
AAA	0.56061
AAC	0.56691
AAG	0.46160
ACT	0.52263
ACA	0.08894
ACC	0.60778
ACG	0.50893
AGT	0.50226
AGA	0.04035
AGC	0.52597
AGG	0.05550
CTT	0.48657
CTA	0.49417
CTC	0.94828
CTG	0.79559
CAT	0.42752
CAA	0.20139
CAC	0.67357
CAG	0.25045
CCT	0.31605
CCA	0.47089
CCC	0.76232
CCG	0.71910
CGT	0.40716
CGA	0.86418
CGC	0.93255
CGG	0.73591
GTT	0.27751
GTA	0.64611
GTC	0.91745
GTG	0.53207
GAT	0.46194
GAA	0.35183
GAC	0.77936
GAG	0.53643
GCT	0.56337
GCA	0.32993
GCC	0.71383
GCG	0.33449
GGT	0.58188
GGA	0.12972
GGC	0.52356
GGG	0.53052

dicodons: 

	F	L	Y	S	C	W	I	M	N	K	T	R	H	Q	P	V	D	E	A	G
20
F	0.1788	0.4441	0.3962	0.2387	0.2754	0.0063	0.3368	0.4479	0.0186	0.1330	0.1949	0.3866	0.3375	0.3978	0.5378	0.1986	0.0727	0.3459	0.3949	0.1082
L	0.1098	0.0177	0.0931	0.0978	0.4658	0.6103	0.4270	0.0153	0.0564	0.4490	0.1096	0.5616	0.0291	0.3009	0.0490	0.0180	0.3302	0.3071	0.0223	0.0339
Y	0.4445	0.4868	0.2668	0.1640	0.3962	0.1082	0.3479	0.8896	0.3207	0.5594	0.3056	0.2781	0.1217	0.2639	0.1986	0.3099	0.3660	0.0384	0.2206	0.1009
S	0.1154	0.0554	0.0658	0.2788	0.7634	0.5860	0.0001	0.6214	0.0133	0.5423	0.0147	0.3733	0.2902	0.5772	0.4181	0.3810	0.3818	0.0175	0.0870	0.4419
C	0.3181	0.6103	0.2237	0.4860	1.0000	0.6688	0.0412	0.6688	0.0063	0.4465	0.7930	0.8160	0.8965	0.0063	0.7516	0.7145	0.6895	0.8620	0.8494	0.2902
W	0.2799	0.3253	0.0943	0.2547	0.4479	0.5268	0.3691	0.4479	0.1374	0.6178	0.8257	0.6688	0.7240	0.1719	1.0000	0.1719	0.1278	0.2271	0.5129	0.1719
I	0.1867	0.1849	0.4598	0.2346	0.5584	0.4155	0.1415	0.0440	0.4074	0.3429	0.0186	0.2986	0.7980	0.3159	0.4402	0.1278	0.3592	0.2896	0.0861	0.2489
M	0.3978	0.6648	0.2206	0.5944	1.0000	0.4479	0.3789	0.8817	0.0063	0.0478	0.6356	0.7762	0.5032	0.1082	0.6103	0.2838	0.7240	0.0440	0.1305	0.3866
N	0.4117	0.3246	0.6299	0.4717	0.4904	0.6103	0.2754	0.3375	0.2014	0.3437	0.2793	0.5223	0.6688	0.3205	0.2472	0.1896	0.2315	0.5170	0.3125	0.3531
K	0.1949	0.5471	0.4178	0.0595	0.1719	0.3962	0.4557	0.2079	0.6550	0.4249	0.3193	0.1970	0.4825	0.0822	0.1167	0.3078	0.4511	0.2569	0.4801	0.2569
T	0.0725	0.0536	0.3660	0.1719	0.8896	0.1766	0.2035	0.6550	0.0799	0.2649	0.3079	0.6288	0.7350	0.4322	0.1476	0.2055	0.0799	0.2982	0.4274	0.1649
R	0.3438	0.4203	0.5642	0.4219	0.7385	0.3898	0.4562	0.7043	0.3789	0.1719	0.4860	0.6648	0.7689	0.8459	0.7412	0.3691	0.4019	0.3375	0.2606	0.3225
H	0.6400	0.2429	0.2754	0.4479	0.6688	0.6320	0.5972	0.8965	0.8257	0.0891	0.5860	0.7716	0.5400	0.5170	0.8160	0.3519	0.5860	0.1949	0.3375	0.3099
Q	0.3375	0.1128	0.2104	0.1719	0.8344	0.0063	0.1374	0.3459	0.1420	0.1446	0.2961	0.6057	0.7634	0.4239	0.5741	0.0812	0.4289	0.0339	0.0863	0.6365
P	0.1483	0.1843	0.1029	0.5239	0.9310	0.8160	0.0055	0.8257	0.4055	0.3838	0.1305	0.6845	0.8160	0.6025	0.5985	0.2333	0.4181	0.0477	0.1283	0.3962
V	0.0863	0.1037	0.1507	0.0857	0.3375	0.5400	0.0270	0.3253	0.3844	0.2830	0.1766	0.2297	0.6260	0.1766	0.3463	0.3126	0.3337	0.4219	0.2569	0.0639
D	0.3413	0.3358	0.2649	0.1823	0.5483	0.3630	0.1185	0.6320	0.2021	0.5035	0.2531	0.1719	0.2472	0.1074	0.1662	0.2878	0.5027	0.2864	0.3962	0.4465
E	0.0831	0.2345	0.0224	0.1407	0.1949	0.0339	0.2486	0.1719	0.4109	0.4566	0.0764	0.4390	0.6688	0.2693	0.4981	0.5080	0.2723	0.0273	0.5279	0.2452
A	0.0727	0.1608	0.1766	0.3957	0.9247	0.8052	0.1986	0.3559	0.2620	0.4666	0.3309	0.5414	0.2639	0.2504	0.1956	0.3750	0.4543	0.3009	0.3601	0.3425
G	0.3506	0.0296	0.0668	0.2163	0.1547	0.1167	0.3463	0.5032	0.5085	0.3099	0.1719	0.2675	0.7350	0.3463	0.5355	0.4754	0.1578	0.0668	0.4750	0.3071