codons: 

64
TTT	0.33669
TTA	0.43017
TTC	0.67246
TTG	0.36647
TAT	0.02727
TAA	0.20335
TAC	0.38553
TAG	0.20634
TCT	0.41016
TCA	0.44067
TCC	0.65199
TCG	0.30051
TGT	0.00024
TGA	0.72328
TGC	0.53703
TGG	0.26856
ATT	0.00245
ATA	0.34577
ATC	0.61270
ATG	0.29272
AAT	0.31537
AAA	0.11647
AAC	0.59936
AAG	0.51131
ACT	0.03437
ACA	0.32356
ACC	0.02635
ACG	0.12718
AGT	0.14587
AGA	0.10249
AGC	0.57324
AGG	0.50154
CTT	0.59205
CTA	0.38412
CTC	0.84715
CTG	0.32473
CAT	0.03683
CAA	0.42124
CAC	0.28924
CAG	0.23343
CCT	0.34828
CCA	0.20019
CCC	0.00875
CCG	0.30683
CGT	0.21212
CGA	0.70094
CGC	0.79770
CGG	0.43300
GTT	0.11874
GTA	0.34238
GTC	0.82870
GTG	0.24885
GAT	0.53983
GAA	0.06265
GAC	0.81477
GAG	0.48658
GCT	0.15686
GCA	0.06509
GCC	0.13518
GCG	0.27308
GGT	0.55287
GGA	0.39413
GGC	0.44444
GGG	0.18891

dicodons: 

	F	L	Y	S	C	W	I	M	N	K	T	R	H	Q	P	V	D	E	A	G
20
F	0.2483	0.2221	0.4399	0.0938	0.2999	0.0206	0.2109	0.2729	0.2069	0.0519	0.0206	0.2999	0.2342	0.0206	0.0206	0.0956	0.0310	0.3436	0.5280	0.2811
L	0.1672	0.1672	0.5389	0.1489	0.2123	0.7715	0.2141	0.0850	0.0177	0.1078	0.1677	0.1186	0.0219	0.0351	0.1248	0.0431	0.3573	0.0387	0.2002	0.3144
Y	0.1344	0.0154	0.3045	0.0097	0.3874	0.7499	0.3357	0.8096	0.2588	0.3140	0.3075	0.0733	0.2044	0.5430	0.2999	0.2209	0.0811	0.3768	0.1248	0.0954
S	0.0638	0.1854	0.1891	0.2825	0.7311	0.1113	0.0975	0.5189	0.0032	0.0825	0.0236	0.0305	0.2655	0.5272	0.2931	0.1710	0.1873	0.0248	0.2323	0.2176
C	0.2498	0.0859	0.1248	0.3144	1.0000	0.5624	0.2044	0.4287	0.0206	0.1977	0.6735	0.5715	0.7143	0.1430	0.4287	0.3652	0.1248	0.6191	0.8368	0.2383
W	0.2123	0.3716	0.6191	0.3951	0.1248	0.1248	0.0154	0.7083	0.5295	0.6572	0.6735	0.4287	0.7143	0.5430	1.0000	0.5138	0.4165	0.1248	0.0478	0.1838
I	0.2320	0.1467	0.2400	0.1988	0.1690	0.5103	0.1111	0.0206	0.1572	0.0165	0.1814	0.2707	0.2859	0.1650	0.0154	0.0665	0.2141	0.1302	0.1710	0.2102
M	0.3906	0.3734	0.3471	0.4039	1.0000	0.2383	0.4726	0.1248	0.0402	0.1748	0.4763	0.2859	0.1248	0.4668	0.0154	0.0154	0.6884	0.2383	0.2502	0.0478
N	0.4390	0.1693	0.3507	0.1404	0.3436	0.5430	0.1054	0.1248	0.2660	0.1384	0.2464	0.3652	0.4287	0.3471	0.1686	0.1248	0.0332	0.1637	0.4972	0.1866
K	0.0081	0.0202	0.0859	0.0417	0.2969	0.1430	0.1741	0.5345	0.1248	0.2176	0.0478	0.1497	0.0623	0.3199	0.1248	0.1161	0.0850	0.3091	0.1370	0.2182
T	0.1353	0.1971	0.0859	0.4287	0.8368	0.1248	0.0131	0.6191	0.2209	0.2155	0.0305	0.3248	0.0859	0.4922	0.0733	0.1316	0.1838	0.4806	0.3512	0.2924
R	0.3749	0.0402	0.5430	0.4560	0.4287	0.8750	0.0055	0.2999	0.2383	0.4404	0.1248	0.2278	0.1430	0.7923	0.0478	0.4530	0.1262	0.1690	0.2298	0.1734
H	0.5239	0.0154	0.0002	0.2221	0.5430	0.4287	0.3193	0.1248	0.8477	0.0453	0.1838	0.3436	1.0000	0.2002	0.4165	0.3193	0.1248	0.1248	0.0154	0.1838
Q	0.1248	0.1639	0.1921	0.3615	0.7143	0.6191	0.2648	0.4165	0.2247	0.1690	0.2529	0.1838	0.5715	0.5430	0.2655	0.0267	0.4287	0.0859	0.4287	0.6327
P	0.0651	0.1430	0.4614	0.0267	0.8857	0.4287	0.4080	0.7715	0.3335	0.2969	0.2260	0.4895	0.5624	0.0206	0.2383	0.4049	0.0575	0.5434	0.0373	0.8654
V	0.0378	0.3299	0.1838	0.1349	0.2342	0.1838	0.0503	0.2607	0.5195	0.0544	0.0055	0.1838	0.1113	0.2839	0.0081	0.5691	0.4266	0.1621	0.1473	0.0097
D	0.0718	0.2707	0.0487	0.4530	0.5103	0.0478	0.2145	0.1430	0.1113	0.0276	0.4027	0.0811	0.6499	0.8097	0.3332	0.1921	0.5367	0.0453	0.6766	0.5624
E	0.0276	0.3403	0.1726	0.2927	0.5624	0.1113	0.1135	0.2783	0.0394	0.1073	0.2950	0.0402	0.5845	0.5103	0.6060	0.3031	0.2819	0.1372	0.5067	0.6280
A	0.0305	0.0369	0.2442	0.2988	0.8572	0.8730	0.0771	0.6801	0.1430	0.0373	0.0392	0.1058	0.0154	0.3059	0.3307	0.2016	0.6466	0.0327	0.8955	0.2026
G	0.5211	0.0623	0.2607	0.1807	0.6499	0.0859	0.1639	0.2221	0.2876	0.0669	0.2498	0.3912	0.3471	0.1838	0.8654	0.2539	0.3321	0.1231	0.3531	0.4548