codons: 

64
TTT	0.21026
TTA	0.60582
TTC	0.44319
TTG	0.47755
TAT	0.24887
TAA	0.03150
TAC	0.50728
TAG	0.22047
TCT	0.46854
TCA	0.41776
TCC	0.74515
TCG	0.10911
TGT	0.06781
TGA	0.79409
TGC	0.68213
TGG	0.18929
ATT	0.18425
ATA	0.43963
ATC	0.74102
ATG	0.38855
AAT	0.34709
AAA	0.28426
AAC	0.46258
AAG	0.48031
ACT	0.25300
ACA	0.29303
ACC	0.52148
ACG	0.04168
AGT	0.19489
AGA	0.08607
AGC	0.57480
AGG	0.04845
CTT	0.53522
CTA	0.39899
CTC	0.92576
CTG	0.54395
CAT	0.17310
CAA	0.35828
CAC	0.58336
CAG	0.14252
CCT	0.47286
CCA	0.49708
CCC	0.48031
CCG	0.30111
CGT	0.11719
CGA	0.64701
CGC	0.83684
CGG	0.30709
GTT	0.15869
GTA	0.38456
GTC	0.86924
GTG	0.29842
GAT	0.36314
GAA	0.48000
GAC	0.74016
GAG	0.63984
GCT	0.06420
GCA	0.09488
GCC	0.51421
GCG	0.22878
GGT	0.41436
GGA	0.24633
GGC	0.38993
GGG	0.36524

dicodons: 

	F	L	Y	S	C	W	I	M	N	K	T	R	H	Q	P	V	D	E	A	G
20
F	0.0525	0.2543	0.3565	0.0067	0.0347	0.1420	0.3881	0.0111	0.2157	0.0430	0.1962	0.1956	0.0347	0.3985	0.0186	0.1205	0.2498	0.4280	0.2970	0.1956
L	0.0720	0.1700	0.0836	0.2067	0.3525	0.6344	0.3959	0.1004	0.0150	0.2253	0.1268	0.3738	0.0915	0.1194	0.2031	0.0587	0.1554	0.2932	0.3547	0.1634
Y	0.1248	0.0508	0.2230	0.0842	0.5495	0.3565	0.0525	0.8890	0.0883	0.4956	0.1634	0.1745	0.0640	0.7040	0.1420	0.2937	0.0025	0.3565	0.1712	0.1532
S	0.1020	0.0725	0.1234	0.1259	0.7609	0.2230	0.0548	0.6892	0.0896	0.2734	0.1093	0.2186	0.2639	0.5762	0.0842	0.2722	0.0653	0.2278	0.1648	0.3467
C	0.3202	0.5027	0.2645	0.3643	1.0000	0.2230	0.2395	0.2230	0.2492	0.0347	0.6892	0.4173	0.8446	0.6782	0.6115	0.0288	0.4173	0.7780	0.8273	0.0347
W	0.2921	0.3426	0.5219	0.0705	0.0347	0.3565	0.2230	0.3340	0.3565	0.7546	0.7928	0.4820	0.7780	0.3094	1.0000	0.5710	0.6425	0.0807	0.2278	0.3525
I	0.4878	0.2599	0.1194	0.2749	0.0437	0.6414	0.4067	0.0676	0.1658	0.1293	0.1013	0.2850	0.5144	0.1799	0.0904	0.2135	0.0150	0.2429	0.3818	0.0347
M	0.4349	0.5669	0.4080	0.5093	1.0000	0.5560	0.1773	0.8273	0.2339	0.2575	0.6363	0.7122	0.1420	0.6115	0.5713	0.4080	0.7546	0.1420	0.2041	0.3784
N	0.4225	0.1492	0.5018	0.4024	0.1956	0.2230	0.3279	0.2230	0.1695	0.1326	0.0366	0.1962	0.4820	0.1980	0.1821	0.2041	0.2200	0.4709	0.3895	0.0807
K	0.1634	0.4404	0.4714	0.1755	0.1120	0.3565	0.3202	0.4486	0.2760	0.0587	0.0406	0.2466	0.1633	0.1734	0.3340	0.1505	0.3272	0.0842	0.1688	0.0265
T	0.2089	0.0265	0.1821	0.3116	0.8805	0.1810	0.1974	0.6763	0.3779	0.1388	0.3506	0.2785	0.7298	0.5560	0.2808	0.3290	0.0966	0.2670	0.3121	0.2469
R	0.0676	0.2667	0.4450	0.3043	0.3340	0.0111	0.2568	0.0991	0.1062	0.3570	0.0676	0.0891	0.3340	0.8172	0.4023	0.2065	0.0100	0.2358	0.0476	0.2828
H	0.5144	0.4475	0.2748	0.2639	0.2230	0.0347	0.2639	0.6892	0.8058	0.1004	0.2937	0.7175	0.4450	0.4820	0.3340	0.1420	0.0347	0.0347	0.1956	0.1821
Q	0.1554	0.3244	0.1920	0.4632	0.4820	0.4820	0.0991	0.2828	0.1871	0.1893	0.1194	0.4245	0.6414	0.5990	0.1259	0.0072	0.1367	0.0025	0.5560	0.6589
P	0.1524	0.1729	0.0595	0.3381	0.9029	0.4820	0.2240	0.5560	0.2748	0.1120	0.0111	0.0883	0.7928	0.1524	0.5990	0.1505	0.3484	0.3285	0.1120	0.6287
V	0.0146	0.1755	0.1120	0.0077	0.0347	0.2230	0.2471	0.0055	0.3186	0.1286	0.1225	0.2420	0.3202	0.2395	0.1962	0.3862	0.4008	0.1648	0.2329	0.0818
D	0.2590	0.2921	0.2058	0.4369	0.4820	0.0288	0.2005	0.2828	0.0807	0.1420	0.3730	0.0025	0.1634	0.5803	0.7548	0.1420	0.2177	0.0139	0.3145	0.0186
E	0.1896	0.0111	0.0807	0.3317	0.7855	0.0111	0.2278	0.1120	0.2466	0.3179	0.0204	0.2230	0.4820	0.4450	0.2600	0.3565	0.4885	0.2347	0.5320	0.5817
A	0.1943	0.1814	0.0640	0.4479	0.9182	0.6547	0.0062	0.7347	0.2313	0.0991	0.1016	0.2828	0.1120	0.1568	0.2452	0.1758	0.4431	0.0686	0.2796	0.1472
G	0.3322	0.0643	0.1517	0.2469	0.6782	0.1120	0.4383	0.4406	0.1170	0.0111	0.0458	0.0340	0.5560	0.3525	0.8020	0.3143	0.3057	0.4345	0.0487	0.4092