codons: 

64
TTT	0.25946
TTA	0.52171
TTC	0.54911
TTG	0.34170
TAT	0.27805
TAA	0.18211
TAC	0.60478
TAG	0.31900
TCT	0.20141
TCA	0.29384
TCC	0.83921
TCG	0.62738
TGT	0.63428
TGA	0.75999
TGC	0.68438
TGG	0.18497
ATT	0.08623
ATA	0.22699
ATC	0.75618
ATG	0.46162
AAT	0.00040
AAA	0.35065
AAC	0.52643
AAG	0.19379
ACT	0.18984
ACA	0.10913
ACC	0.39801
ACG	0.23427
AGT	0.25471
AGA	0.43964
AGC	0.01708
AGG	0.44913
CTT	0.39387
CTA	0.52235
CTC	0.91104
CTG	0.39515
CAT	0.50550
CAA	0.15283
CAC	0.58009
CAG	0.63405
CCT	0.48143
CCA	0.31427
CCC	0.52671
CCG	0.47173
CGT	0.26497
CGA	0.71378
CGC	0.57067
CGG	0.04594
GTT	0.34140
GTA	0.29868
GTC	0.84496
GTG	0.35775
GAT	0.22941
GAA	0.43188
GAC	0.75095
GAG	0.37912
GCT	0.64540
GCA	0.54646
GCC	0.27418
GCG	0.21877
GGT	0.74346
GGA	0.49589
GGC	0.34898
GGG	0.53629

dicodons: 

	F	L	Y	S	C	W	I	M	N	K	T	R	H	Q	P	V	D	E	A	G
20
F	0.4144	0.1286	0.1721	0.1049	0.1593	0.5425	0.2200	0.4536	0.2559	0.0381	0.1155	0.1593	0.0286	0.3137	0.1257	0.0893	0.0129	0.7458	0.0850	0.2811
L	0.0601	0.2599	0.6557	0.1513	0.5952	0.6357	0.2344	0.4275	0.0263	0.4048	0.0230	0.1528	0.5111	0.2776	0.1307	0.0304	0.1708	0.4300	0.2157	0.5272
Y	0.0579	0.2331	0.5974	0.4926	0.5628	0.3464	0.5289	0.9271	0.4171	0.1014	0.4536	0.4692	0.0018	0.3275	0.3443	0.6357	0.2463	0.1058	0.1257	0.3302
S	0.0786	0.1413	0.4773	0.3515	0.7699	0.8693	0.2397	0.6762	0.1383	0.2916	0.2964	0.0129	0.5082	0.0087	0.2107	0.2512	0.1286	0.1373	0.4680	0.4316
C	0.4115	0.6877	0.5219	0.5082	1.0000	0.4536	0.6464	0.8439	0.6549	0.1257	0.8907	0.7268	0.9089	0.0632	0.6357	0.7814	0.7658	0.8634	0.8786	0.6357
W	0.6340	0.4177	0.5143	0.0850	0.5425	1.0000	0.4536	0.3900	0.2157	0.1803	0.6877	0.4536	0.4536	0.3137	1.0000	0.4917	0.6950	0.6079	0.4510	0.6340
I	0.2344	0.1905	0.0561	0.2610	0.7429	0.0632	0.3918	0.4956	0.3515	0.0715	0.1109	0.1058	0.8292	0.1694	0.2506	0.3354	0.3134	0.0670	0.1209	0.0850
M	0.6877	0.4839	0.6762	0.7149	1.0000	0.2714	0.4214	0.8543	0.0820	0.2961	0.4991	0.7398	0.4536	0.7386	0.1257	0.2714	0.8786	0.2714	0.0437	0.3571
N	0.2727	0.1780	0.0036	0.2484	0.4857	0.5628	0.5178	0.5628	0.5160	0.1180	0.3224	0.4712	0.7268	0.3709	0.2194	0.0972	0.3673	0.3087	0.1413	0.3246
K	0.1139	0.2541	0.4000	0.2082	0.4857	0.4662	0.2267	0.1986	0.0686	0.4190	0.3345	0.0278	0.2714	0.6340	0.3519	0.2189	0.1266	0.4369	0.7840	0.5308
T	0.0196	0.0030	0.2714	0.2031	0.9545	0.2514	0.3579	0.8179	0.1372	0.1447	0.1257	0.5101	0.6877	0.4662	0.5425	0.0609	0.4308	0.0118	0.7003	0.4549
R	0.2597	0.0022	0.6877	0.2828	0.7478	0.0850	0.3502	0.6097	0.4379	0.0850	0.0850	0.4007	0.6877	0.5143	0.2194	0.1612	0.3823	0.4281	0.4876	0.2883
H	0.7124	0.4171	0.6357	0.5316	0.7814	0.5425	0.6926	0.8786	0.8634	0.1986	0.7268	0.7268	0.3170	0.2157	0.7658	0.4214	0.2714	0.0632	0.3137	0.2714
Q	0.1994	0.2375	0.1643	0.0850	0.7814	0.3900	0.4876	0.5425	0.3739	0.4662	0.7309	0.0850	0.6721	0.3137	0.5933	0.8409	0.3595	0.6340	0.7141	0.2883
P	0.2375	0.0509	0.0528	0.1332	0.8439	0.2714	0.0042	0.8013	0.4115	0.0850	0.0820	0.0087	0.8179	0.3900	0.6199	0.1948	0.1554	0.2441	0.5882	0.7888
V	0.2052	0.0008	0.3376	0.1195	0.5143	0.8170	0.2098	0.1986	0.0850	0.0278	0.3761	0.1257	0.4536	0.5425	0.0893	0.4932	0.3059	0.1629	0.4369	0.5308
D	0.2791	0.3137	0.3716	0.1040	0.7019	0.0893	0.6243	0.4039	0.4000	0.2477	0.3385	0.0065	0.0850	0.6817	0.2593	0.1084	0.0553	0.1404	0.5425	0.5806
E	0.1528	0.2320	0.3960	0.2522	0.1803	0.4771	0.1663	0.0632	0.3528	0.5791	0.1196	0.2157	0.6026	0.3900	0.2680	0.6103	0.4369	0.4065	0.7837	0.6340
A	0.6079	0.4727	0.4177	0.0172	0.9159	0.5628	0.1349	0.3625	0.2883	0.6035	0.5301	0.4917	0.0850	0.7476	0.4618	0.5024	0.7712	0.6629	0.7815	0.7357
G	0.6547	0.4281	0.2928	0.4159	0.0893	0.6569	0.2714	0.0850	0.3403	0.5518	0.2680	0.3635	0.6877	0.6340	0.2961	0.6100	0.4943	0.3900	0.8608	0.6400