codons: 

64
TTT	0.08365
TTA	0.13267
TTC	0.35248
TTG	0.04781
TAT	0.02114
TAA	0.17601
TAC	0.24244
TAG	0.24468
TCT	0.23212
TCA	0.03388
TCC	0.00864
TCG	0.46048
TGT	0.69555
TGA	0.44420
TGC	0.31646
TGG	0.01431
ATT	0.14341
ATA	0.11802
ATC	0.46927
ATG	0.13026
AAT	0.02000
AAA	0.28535
AAC	0.04923
AAG	0.11122
ACT	0.38019
ACA	0.12157
ACC	0.24842
ACG	0.28279
AGT	0.14229
AGA	0.24079
AGC	0.43654
AGG	0.18593
CTT	0.34848
CTA	0.20432
CTC	0.25859
CTG	0.14641
CAT	0.22449
CAA	0.05770
CAC	0.27898
CAG	0.16443
CCT	0.45597
CCA	0.07412
CCC	0.24468
CCG	0.47258
CGT	0.02634
CGA	0.31594
CGC	0.28859
CGG	0.42092
GTT	0.27302
GTA	0.00680
GTC	0.12862
GTG	0.33387
GAT	0.28251
GAA	0.00062
GAC	0.08008
GAG	0.39765
GCT	0.05349
GCA	0.17544
GCC	0.04842
GCG	0.43912
GGT	0.09235
GGA	0.19993
GGC	0.11332
GGG	0.71675

dicodons: 

	F	L	Y	S	C	W	I	M	N	K	T	R	H	Q	P	V	D	E	A	G
20
F	0.2008	0.2573	0.4326	0.2043	0.5083	0.2133	0.2792	0.3046	0.2329	0.0455	0.1039	0.2317	0.3362	0.2346	0.2688	0.4240	0.3377	0.2585	0.0468	0.0319
L	0.0114	0.3149	0.4247	0.1388	0.5060	0.2081	0.0298	0.2993	0.1702	0.0288	0.1315	0.0877	0.4689	0.3944	0.0295	0.2391	0.2602	0.1063	0.1191	0.0730
Y	0.2081	0.0425	0.1149	0.1813	0.7617	0.1149	0.0928	0.1930	0.1360	0.3889	0.3027	0.0864	0.0820	0.4082	0.0166	0.3362	0.0888	0.3362	0.0208	0.0057
S	0.1571	0.0157	0.1781	0.0232	0.1149	0.1149	0.3870	0.2939	0.1429	0.0477	0.1462	0.3313	0.3273	0.0756	0.2203	0.0919	0.1665	0.2711	0.0804	0.2580
C	0.3563	0.4732	0.7168	0.4273	0.7306	0.6066	0.4770	0.7471	0.7705	0.0043	0.7541	0.5835	0.2624	0.7787	0.1149	0.8184	0.6628	0.5575	0.7345	0.6681
W	0.1149	0.0412	0.1309	0.1309	0.5575	0.4099	0.5057	0.6772	0.6902	0.4054	0.0961	0.2034	0.1149	0.4979	0.8230	0.5172	0.3678	0.3221	0.1149	0.8117
I	0.2757	0.0175	0.6089	0.0961	0.3944	0.6089	0.0675	0.0166	0.3221	0.3860	0.1152	0.2374	0.1149	0.0271	0.3386	0.2148	0.4727	0.5857	0.3561	0.1441
M	0.0242	0.0691	0.0316	0.3885	0.7050	0.1149	0.5015	0.1840	0.5933	0.0961	0.4231	0.1212	0.4942	0.4754	0.4156	0.1661	0.2864	0.0559	0.1182	0.5029
N	0.2624	0.1878	0.3563	0.2577	0.6722	0.3563	0.1346	0.0559	0.1818	0.3622	0.0283	0.1429	0.1149	0.1253	0.2270	0.3290	0.3503	0.3893	0.2132	0.1338
K	0.1019	0.2386	0.2730	0.3429	0.5870	0.0345	0.4577	0.4533	0.2647	0.4677	0.2973	0.4008	0.3232	0.3990	0.0316	0.1865	0.1649	0.4809	0.4898	0.0234
T	0.0985	0.3322	0.0390	0.1774	0.6890	0.2737	0.2551	0.3409	0.4420	0.2105	0.4010	0.3646	0.1857	0.2255	0.2356	0.0499	0.0015	0.0194	0.1253	0.0985
R	0.2898	0.2637	0.2737	0.2304	0.6902	0.1783	0.1649	0.4368	0.2862	0.3572	0.1702	0.0833	0.1123	0.2357	0.3916	0.2000	0.2624	0.3772	0.0228	0.3047
H	0.4755	0.0517	0.2468	0.4201	0.6460	0.4689	0.0108	0.2624	0.3563	0.0486	0.6523	0.5378	0.1739	0.1392	0.3804	0.6574	0.0043	0.1212	0.4794	0.0486
Q	0.1919	0.1149	0.3221	0.1578	0.7050	0.1212	0.0007	0.2613	0.0764	0.4105	0.3678	0.1631	0.3944	0.0160	0.5280	0.0899	0.0629	0.0888	0.3140	0.2835
P	0.1655	0.1149	0.0108	0.2468	0.0559	0.0585	0.0450	0.1149	0.0208	0.2919	0.2314	0.3458	0.1149	0.6106	0.3440	0.2511	0.3075	0.1997	0.0319	0.4894
V	0.1817	0.4460	0.4155	0.0880	0.7050	0.0961	0.3361	0.4812	0.2165	0.0266	0.3192	0.1936	0.2133	0.3944	0.4166	0.4724	0.0809	0.1295	0.0418	0.1612
D	0.1992	0.0414	0.2468	0.0047	0.4310	0.0114	0.0631	0.1309	0.1526	0.4163	0.2666	0.3075	0.1149	0.1702	0.6066	0.1526	0.5444	0.4351	0.1699	0.3310
E	0.1692	0.3580	0.2091	0.2758	0.9195	0.5892	0.2049	0.3544	0.4586	0.3392	0.0912	0.5158	0.3362	0.4351	0.0217	0.1422	0.3075	0.0728	0.0114	0.3027
A	0.1631	0.1022	0.3092	0.0910	0.4201	0.3872	0.3957	0.2284	0.0938	0.4754	0.1545	0.1972	0.1123	0.1080	0.0639	0.0060	0.1966	0.5481	0.1263	0.4626
G	0.1167	0.3318	0.0494	0.0550	0.7893	0.2737	0.5236	0.3673	0.3489	0.4864	0.2470	0.4504	0.3804	0.2468	0.8584	0.2119	0.1360	0.1039	0.2357	0.1930