codons: 

64
TTT	0.35806
TTA	0.53323
TTC	0.41215
TTG	0.09248
TAT	0.06470
TAA	0.10715
TAC	0.48768
TAG	0.03274
TCT	0.19222
TCA	0.14218
TCC	0.46066
TCG	0.80070
TGT	0.49747
TGA	0.65831
TGC	0.11695
TGG	0.24324
ATT	0.13102
ATA	0.03503
ATC	0.65629
ATG	0.20104
AAT	0.21035
AAA	0.14098
AAC	0.15240
AAG	0.07922
ACT	0.60391
ACA	0.43421
ACC	0.38397
ACG	0.63248
AGT	0.46974
AGA	0.33413
AGC	0.37182
AGG	0.17986
CTT	0.41022
CTA	0.61793
CTC	0.06031
CTG	0.47492
CAT	0.10728
CAA	0.24281
CAC	0.07973
CAG	0.26960
CCT	0.29413
CCA	0.02590
CCC	0.65455
CCG	0.78802
CGT	0.49043
CGA	0.73680
CGC	0.70590
CGG	0.77930
GTT	0.37569
GTA	0.42104
GTC	0.27548
GTG	0.00126
GAT	0.15077
GAA	0.19824
GAC	0.07694
GAG	0.22472
GCT	0.50705
GCA	0.26447
GCC	0.38095
GCG	0.71213
GGT	0.35198
GGA	0.07614
GGC	0.30753
GGG	0.79051

dicodons: 

	F	L	Y	S	C	W	I	M	N	K	T	R	H	Q	P	V	D	E	A	G
20
F	0.0264	0.4464	0.4677	0.0367	0.6309	0.0773	0.3350	0.1972	0.0035	0.0509	0.2779	0.6209	0.0367	0.2337	0.3559	0.1827	0.0479	0.3516	0.0969	0.2590
L	0.0517	0.4211	0.4187	0.0205	0.4013	0.2570	0.0224	0.3599	0.1073	0.3092	0.3248	0.2326	0.3979	0.5192	0.2191	0.1768	0.0672	0.0883	0.2508	0.1972
Y	0.4974	0.4353	0.4958	0.2526	0.6806	0.3516	0.4394	0.1972	0.1376	0.4661	0.4212	0.0428	0.0216	0.3205	0.3008	0.3205	0.3024	0.0677	0.0792	0.2431
S	0.1696	0.0335	0.2289	0.1940	0.1057	0.3979	0.4206	0.1399	0.2092	0.3385	0.2282	0.2677	0.3024	0.0777	0.3166	0.0634	0.2065	0.0393	0.1588	0.1314
C	0.3583	0.3277	0.7010	0.2917	0.4945	0.0773	0.2828	0.4068	0.6924	0.4291	0.6309	0.2418	0.0969	0.3080	0.2775	0.3825	0.3673	0.2882	0.6955	0.5156
W	0.4241	0.0657	0.5017	0.3979	0.1696	0.4839	0.5986	0.7324	0.5848	0.0737	0.2395	0.1972	0.2882	0.3979	0.4983	0.2641	0.3516	0.5183	0.5750	0.7592
I	0.5439	0.1080	0.3625	0.1437	0.2374	0.3625	0.2590	0.1234	0.0458	0.1864	0.0337	0.6175	0.5301	0.1885	0.5930	0.1294	0.1895	0.5585	0.1225	0.1529
M	0.0384	0.1686	0.2157	0.2601	0.2618	0.2882	0.6237	0.4409	0.6904	0.2951	0.4220	0.3166	0.1571	0.1696	0.4687	0.0088	0.1972	0.0493	0.0367	0.5094
N	0.2486	0.3552	0.5219	0.3437	0.2003	0.2208	0.1972	0.0969	0.1893	0.1571	0.2854	0.4905	0.2775	0.2590	0.2884	0.3169	0.3406	0.3310	0.1139	0.1876
K	0.0668	0.3839	0.1992	0.1526	0.5571	0.0941	0.3227	0.2147	0.3518	0.0166	0.0095	0.3614	0.7069	0.2078	0.2215	0.2772	0.0230	0.3603	0.1843	0.2184
T	0.2311	0.3130	0.5017	0.3161	0.6633	0.2775	0.1419	0.2976	0.0251	0.1982	0.4380	0.1903	0.1696	0.3945	0.0941	0.4389	0.0166	0.0612	0.0484	0.0004
R	0.5002	0.4180	0.4296	0.4774	0.2111	0.4930	0.3889	0.5269	0.2223	0.1721	0.3356	0.5986	0.6920	0.3559	0.7366	0.0061	0.1972	0.1872	0.3119	0.3432
H	0.2926	0.3080	0.2474	0.2268	0.1696	0.3310	0.4467	0.5484	0.2828	0.0367	0.4068	0.6263	0.0035	0.1972	0.5540	0.3839	0.5986	0.0509	0.0230	0.1972
Q	0.3076	0.3260	0.0588	0.2303	0.0773	0.4068	0.2223	0.3650	0.0251	0.1500	0.2091	0.4266	0.0821	0.2926	0.0311	0.0023	0.2941	0.0592	0.2917	0.2364
P	0.1696	0.1026	0.1470	0.4581	0.2474	0.6655	0.1829	0.5564	0.1972	0.0199	0.1258	0.5604	0.0035	0.1696	0.3432	0.1303	0.3816	0.4882	0.0138	0.1696
V	0.0912	0.3978	0.3889	0.1596	0.5386	0.4648	0.1420	0.2268	0.2921	0.1547	0.3612	0.2065	0.3008	0.3444	0.2828	0.4091	0.0216	0.2049	0.4051	0.1449
D	0.2882	0.0213	0.2249	0.3146	0.3475	0.3516	0.3396	0.5540	0.0236	0.0088	0.1264	0.4280	0.2884	0.4333	0.2526	0.0205	0.2832	0.1972	0.0576	0.1880
E	0.2658	0.1520	0.2562	0.0689	0.6980	0.5986	0.1829	0.3979	0.3076	0.1705	0.1432	0.6504	0.0367	0.2562	0.3067	0.1088	0.5132	0.1972	0.0199	0.2052
A	0.1073	0.2349	0.3924	0.1696	0.3700	0.0792	0.2412	0.4661	0.1300	0.1139	0.4918	0.2034	0.2641	0.0035	0.0023	0.2462	0.1801	0.3979	0.0163	0.0416
G	0.0916	0.2641	0.0437	0.0919	0.4464	0.2775	0.4454	0.4381	0.1451	0.2474	0.4051	0.5832	0.0367	0.2395	0.6678	0.3971	0.0458	0.4569	0.2779	0.3119