codons: 

64
TTT	0.27632
TTA	0.54552
TTC	0.63946
TTG	0.45132
TAT	0.23265
TAA	0.14922
TAC	0.62674
TAG	0.03105
TCT	0.30789
TCA	0.43749
TCC	0.74293
TCG	0.39441
TGT	0.67340
TGA	0.62952
TGC	0.78273
TGG	0.17752
ATT	0.30124
ATA	0.50576
ATC	0.51203
ATG	0.29697
AAT	0.36015
AAA	0.48850
AAC	0.48903
AAG	0.41528
ACT	0.17026
ACA	0.37897
ACC	0.36331
ACG	0.25160
AGT	0.06133
AGA	0.30614
AGC	0.24538
AGG	0.22537
CTT	0.69719
CTA	0.24466
CTC	0.94496
CTG	0.61072
CAT	0.35873
CAA	0.39531
CAC	0.69959
CAG	0.02555
CCT	0.03105
CCA	0.45682
CCC	0.31197
CCG	0.24534
CGT	0.14045
CGA	0.48398
CGC	0.77066
CGG	0.16428
GTT	0.13589
GTA	0.38875
GTC	0.88606
GTG	0.53266
GAT	0.54306
GAA	0.48033
GAC	0.76097
GAG	0.40207
GCT	0.11425
GCA	0.08900
GCC	0.53773
GCG	0.56743
GGT	0.35477
GGA	0.05800
GGC	0.31197
GGG	0.55377

dicodons: 

	F	L	Y	S	C	W	I	M	N	K	T	R	H	Q	P	V	D	E	A	G
20
F	0.1566	0.0041	0.1184	0.2097	0.4906	0.0831	0.5590	0.3123	0.0220	0.0865	0.1030	0.3820	0.3123	0.2141	0.2824	0.3451	0.1171	0.5759	0.3300	0.1690
L	0.0613	0.4313	0.4728	0.0789	0.6801	0.7105	0.4139	0.3696	0.1576	0.2023	0.2416	0.4287	0.4155	0.3123	0.1789	0.1917	0.3752	0.3683	0.2675	0.2244
Y	0.0952	0.0911	0.3123	0.1060	0.4710	0.2729	0.1404	0.8625	0.2123	0.1747	0.1665	0.2458	0.1407	0.4999	0.1275	0.5311	0.0911	0.0306	0.1536	0.1581
S	0.0613	0.0870	0.2796	0.1052	0.7884	0.3123	0.4206	0.5599	0.2197	0.3081	0.2395	0.1442	0.5049	0.5415	0.1486	0.3391	0.2210	0.0561	0.2319	0.5153
C	0.5624	0.7380	0.6149	0.6359	1.0000	0.6944	0.3123	0.8035	0.6944	0.0306	0.9236	0.7573	0.8854	0.3123	0.6562	0.8237	0.8035	0.9018	0.9542	0.6562
W	0.2002	0.3696	0.4499	0.1921	0.5415	0.0831	0.3638	0.5153	0.5186	0.5874	0.7708	0.5874	0.8035	0.2729	1.0000	0.1113	0.4345	0.3768	0.1275	0.7092
I	0.6290	0.2729	0.6556	0.3446	0.4209	0.0831	0.3638	0.0831	0.4345	0.4654	0.0154	0.4547	0.5702	0.1570	0.2729	0.0018	0.4807	0.6864	0.0398	0.1133
M	0.4209	0.5969	0.3887	0.6999	1.0000	0.6070	0.3941	0.7884	0.6884	0.3288	0.3696	0.6725	0.4106	0.2594	0.2665	0.2901	0.6562	0.0911	0.0974	0.2002
N	0.2170	0.0453	0.2260	0.1950	0.5925	0.4999	0.4183	0.2665	0.0149	0.4468	0.0085	0.0623	0.5415	0.0831	0.0548	0.1570	0.4932	0.6769	0.2242	0.2037
K	0.2487	0.2650	0.2729	0.2030	0.6332	0.3335	0.6313	0.0085	0.4677	0.4345	0.3258	0.2048	0.4337	0.2729	0.3123	0.0424	0.4382	0.5246	0.5759	0.0492
T	0.2869	0.3498	0.2141	0.4337	0.9628	0.4051	0.0718	0.5088	0.1030	0.0832	0.6110	0.5415	0.7799	0.6562	0.0591	0.2937	0.0952	0.2525	0.3983	0.1646
R	0.2383	0.0041	0.2359	0.0961	0.7937	0.1690	0.1101	0.3748	0.2014	0.0003	0.2264	0.1650	0.2498	0.7608	0.0176	0.3652	0.2550	0.1850	0.0693	0.0306
H	0.7453	0.4761	0.0373	0.5732	0.7249	0.4499	0.2719	0.7708	0.8750	0.0544	0.7544	0.3887	0.5415	0.3983	0.5874	0.6007	0.0306	0.1517	0.3528	0.1404
Q	0.0432	0.4020	0.1611	0.3626	0.8472	0.4106	0.0984	0.0292	0.1198	0.2729	0.4433	0.3123	0.7828	0.5925	0.5874	0.0832	0.1910	0.0911	0.3528	0.5239
P	0.2927	0.2680	0.0492	0.1213	0.9083	0.4499	0.1874	0.6070	0.2594	0.3713	0.2399	0.2824	0.8166	0.6699	0.3887	0.1184	0.0590	0.4626	0.1404	0.2729
V	0.1696	0.3281	0.4810	0.0809	0.6944	0.1404	0.1182	0.4783	0.1304	0.1517	0.2242	0.3887	0.4651	0.2037	0.5311	0.1404	0.3481	0.2729	0.1994	0.0865
D	0.0746	0.3214	0.0516	0.4395	0.7053	0.0176	0.2509	0.1748	0.2210	0.4991	0.1450	0.3093	0.0548	0.4942	0.3768	0.2729	0.6436	0.4271	0.4310	0.3184
E	0.3268	0.3508	0.2729	0.0772	0.6249	0.5845	0.3860	0.2729	0.5921	0.5492	0.0723	0.3768	0.6562	0.0176	0.2761	0.4480	0.6458	0.1747	0.5373	0.4002
A	0.0373	0.0882	0.2620	0.4982	0.9526	0.7884	0.3919	0.6562	0.1517	0.5274	0.2405	0.4243	0.0003	0.2478	0.1938	0.1709	0.5526	0.5791	0.3706	0.3699
G	0.4101	0.2859	0.1077	0.2884	0.3451	0.1820	0.1517	0.1158	0.4251	0.4807	0.2815	0.4310	0.7249	0.1404	0.2848	0.1299	0.1964	0.4932	0.2729	0.5232