codons: 

64
TTT	0.53551
TTA	0.70439
TTC	0.22693
TTG	0.18143
TAT	0.71635
TAA	0.32726
TAC	0.07995
TAG	0.22915
TCT	0.44141
TCA	0.41366
TCC	0.38073
TCG	0.48690
TGT	0.34906
TGA	0.38952
TGC	0.60705
TGG	0.50555
ATT	0.68653
ATA	0.77955
ATC	0.07498
ATG	0.25783
AAT	0.78176
AAA	0.65946
AAC	0.14680
AAG	0.14823
ACT	0.39331
ACA	0.30492
ACC	0.56372
ACG	0.60589
AGT	0.20460
AGA	0.44419
AGC	0.73672
AGG	0.49036
CTT	0.27228
CTA	0.61458
CTC	0.64445
CTG	0.71254
CAT	0.26172
CAA	0.01516
CAC	0.59272
CAG	0.77233
CCT	0.16059
CCA	0.02195
CCC	0.73214
CCG	0.80155
CGT	0.59120
CGA	0.68592
CGC	0.90498
CGG	0.89782
GTT	0.22550
GTA	0.50379
GTC	0.56122
GTG	0.59807
GAT	0.65020
GAA	0.42068
GAC	0.33713
GAG	0.50194
GCT	0.20550
GCA	0.28616
GCC	0.76247
GCG	0.71610
GGT	0.32388
GGA	0.26040
GGC	0.83177
GGG	0.81468

dicodons: 

	F	L	Y	S	C	W	I	M	N	K	T	R	H	Q	P	V	D	E	A	G
20
F	0.1694	0.3450	0.6497	0.2979	0.1966	0.7567	0.7036	0.2845	0.7213	0.7745	0.0966	0.2294	0.1657	0.4160	0.5252	0.4649	0.6520	0.3065	0.0516	0.1843
L	0.1370	0.1688	0.6094	0.1475	0.0779	0.3511	0.5865	0.5230	0.6357	0.6895	0.0827	0.7341	0.2092	0.0730	0.4521	0.0598	0.5483	0.2700	0.3100	0.4489
Y	0.4952	0.5269	0.7364	0.5597	0.8459	0.2294	0.6811	0.6404	0.8459	0.8116	0.4799	0.1741	0.0368	0.4073	0.5377	0.4178	0.6546	0.5447	0.0017	0.4532
S	0.3654	0.2530	0.6147	0.3975	0.3511	0.9135	0.6315	0.3436	0.5258	0.5345	0.0078	0.5579	0.3511	0.6166	0.5184	0.2921	0.0893	0.0690	0.6271	0.3589
C	0.4073	0.1469	0.0850	0.3511	0.8378	0.2584	0.5694	0.0093	0.4322	0.4349	0.2135	0.6615	0.0267	0.0916	0.4922	0.2911	0.3946	0.3893	0.5674	0.1945
W	0.4221	0.6366	0.5719	0.3853	0.8146	1.0000	0.3258	0.6292	0.1010	0.6007	0.3012	0.6292	0.4809	0.6107	1.0000	0.5674	0.5674	0.5674	0.7951	0.7404
I	0.4738	0.6076	0.5272	0.5597	0.5467	0.2430	0.8325	0.6147	0.7798	0.8772	0.5298	0.4221	0.6629	0.1986	0.2955	0.6043	0.7530	0.7925	0.3635	0.2482
M	0.6422	0.2508	0.6005	0.3802	0.3836	0.5133	0.4561	0.4863	0.7842	0.3065	0.0368	0.0916	0.4438	0.8146	0.5009	0.0689	0.7146	0.5719	0.2757	0.0807
N	0.8260	0.5638	0.6147	0.2797	0.4108	0.7688	0.8565	0.6532	0.7908	0.7702	0.4144	0.3289	0.3450	0.3695	0.3670	0.4305	0.7431	0.7280	0.1744	0.3289
K	0.8959	0.6507	0.8640	0.4007	0.4561	0.5597	0.7303	0.4863	0.7296	0.5184	0.4606	0.0028	0.6698	0.0730	0.1829	0.2735	0.7615	0.4221	0.0807	0.0017
T	0.0017	0.2213	0.3065	0.4232	0.0267	0.3129	0.6629	0.5120	0.3511	0.5878	0.5009	0.5048	0.4953	0.6972	0.7276	0.1966	0.6308	0.1015	0.7484	0.3625
R	0.0306	0.4260	0.0126	0.6310	0.6332	0.6050	0.1670	0.1194	0.0973	0.0368	0.6663	0.8228	0.5381	0.7404	0.7441	0.6475	0.3367	0.7051	0.7247	0.8547
H	0.4728	0.2055	0.5964	0.1561	0.4606	0.7837	0.4221	0.1438	0.5666	0.2808	0.1050	0.5929	0.4809	0.5902	0.4953	0.2392	0.5829	0.4953	0.6615	0.5009
Q	0.4496	0.0137	0.0935	0.0672	0.4593	0.1348	0.2733	0.1010	0.0627	0.0916	0.8336	0.7640	0.4358	0.7837	0.8558	0.8846	0.3944	0.4232	0.7907	0.5674
P	0.4275	0.2955	0.2808	0.5112	0.6215	0.7837	0.5210	0.1603	0.4665	0.3511	0.5229	0.8261	0.5420	0.8473	0.7359	0.4509	0.5902	0.3678	0.8673	0.8343
V	0.2820	0.0232	0.5096	0.2026	0.2921	0.9135	0.4073	0.0753	0.4259	0.5316	0.5473	0.5494	0.3511	0.6142	0.4809	0.4232	0.2294	0.2474	0.6500	0.6796
D	0.5258	0.2808	0.8266	0.2786	0.5096	0.3579	0.8475	0.4396	0.7431	0.6251	0.2497	0.2069	0.0730	0.2014	0.3106	0.0267	0.5951	0.0421	0.3367	0.3925
E	0.5993	0.3114	0.7567	0.0064	0.2014	0.2294	0.5301	0.1194	0.3889	0.3635	0.0368	0.5674	0.0893	0.5009	0.6756	0.0955	0.0047	0.5486	0.4558	0.3079
A	0.5420	0.4869	0.4809	0.5771	0.3975	0.7683	0.2294	0.1348	0.5046	0.2591	0.7349	0.8092	0.6292	0.6539	0.7723	0.5977	0.4888	0.5219	0.8517	0.7751
G	0.2135	0.4656	0.5921	0.5252	0.4232	0.7837	0.4349	0.1015	0.4034	0.0839	0.4577	0.8129	0.2430	0.6756	0.7352	0.5782	0.3511	0.3202	0.8738	0.7116