codons: 

64
TTT	0.02276
TTA	0.04979
TTC	0.20038
TTG	0.16652
TAT	0.44601
TAA	0.30415
TAC	0.05555
TAG	0.34014
TCT	0.13334
TCA	0.20342
TCC	0.37451
TCG	0.77434
TGT	0.10698
TGA	0.35217
TGC	0.31161
TGG	0.32966
ATT	0.23530
ATA	0.61795
ATC	0.50034
ATG	0.23420
AAT	0.36040
AAA	0.21228
AAC	0.07319
AAG	0.27473
ACT	0.32778
ACA	0.30290
ACC	0.05450
ACG	0.42692
AGT	0.20602
AGA	0.19241
AGC	0.25827
AGG	0.28886
CTT	0.50042
CTA	0.36764
CTC	0.38127
CTG	0.35640
CAT	0.22888
CAA	0.48772
CAC	0.28458
CAG	0.62445
CCT	0.46481
CCA	0.20788
CCC	0.31211
CCG	0.60134
CGT	0.14487
CGA	0.44534
CGC	0.46581
CGG	0.20267
GTT	0.43089
GTA	0.12843
GTC	0.26506
GTG	0.27233
GAT	0.40703
GAA	0.08528
GAC	0.04022
GAG	0.03696
GCT	0.59966
GCA	0.50215
GCC	0.36311
GCG	0.44630
GGT	0.60241
GGA	0.46486
GGC	0.55207
GGG	0.03771

dicodons: 

	F	L	Y	S	C	W	I	M	N	K	T	R	H	Q	P	V	D	E	A	G
20
F	0.3057	0.1321	0.0609	0.1171	0.3941	0.5805	0.4346	0.2054	0.2392	0.0503	0.2066	0.4804	0.2921	0.4607	0.1793	0.2809	0.1285	0.4007	0.3869	0.1348
L	0.0012	0.2316	0.3469	0.0786	0.2098	0.2052	0.2345	0.0919	0.1348	0.2538	0.2590	0.5160	0.1636	0.5032	0.2862	0.2162	0.2465	0.0977	0.4255	0.3904
Y	0.0396	0.3030	0.4145	0.4324	0.1736	0.1011	0.4520	0.4703	0.5409	0.2584	0.3444	0.2962	0.1392	0.2564	0.4279	0.2230	0.3150	0.1331	0.0319	0.4361
S	0.0184	0.0594	0.2745	0.2752	0.0803	0.9101	0.5595	0.2642	0.3276	0.0233	0.0748	0.1331	0.0067	0.5456	0.0729	0.1174	0.1061	0.1857	0.5914	0.1472
C	0.2564	0.1610	0.1946	0.2597	0.7811	0.4407	0.4858	0.2054	0.1144	0.1524	0.3008	0.1117	0.2054	0.2659	0.0561	0.1933	0.1610	0.2809	0.6225	0.0561
W	0.5424	0.6329	0.1171	0.1171	0.7903	1.0000	0.6524	0.2054	0.6225	0.4966	0.2659	0.2449	0.6404	0.0561	1.0000	0.4280	0.4607	0.3708	0.3708	0.2054
I	0.5155	0.4114	0.6749	0.5157	0.5560	0.0212	0.6131	0.4499	0.6333	0.4242	0.1246	0.5124	0.6027	0.0147	0.4551	0.3342	0.6434	0.6638	0.0845	0.0310
M	0.4608	0.2189	0.4703	0.0499	0.6424	0.4607	0.6494	0.3113	0.7139	0.0465	0.2054	0.2054	0.0729	0.8064	0.1610	0.0257	0.6468	0.3378	0.0561	0.4858
N	0.0711	0.2153	0.2288	0.0663	0.2076	0.1259	0.7195	0.4040	0.5232	0.5121	0.3166	0.4361	0.4040	0.4232	0.2621	0.0663	0.6794	0.5326	0.0965	0.1519
K	0.3342	0.0147	0.5637	0.0065	0.2869	0.1992	0.5232	0.2054	0.4284	0.0266	0.0130	0.1820	0.2227	0.4966	0.5543	0.1843	0.3567	0.1557	0.4906	0.5065
T	0.3008	0.3479	0.0729	0.2893	0.1837	0.2054	0.4040	0.6292	0.0381	0.0670	0.5551	0.0642	0.2953	0.8165	0.5138	0.3368	0.3709	0.2613	0.5019	0.3475
R	0.4361	0.0019	0.5913	0.2066	0.1820	0.0919	0.2698	0.3757	0.2962	0.0847	0.2921	0.2823	0.5838	0.5076	0.2054	0.4676	0.1708	0.5339	0.4494	0.2659
H	0.1144	0.1011	0.6216	0.0887	0.2054	0.7483	0.5779	0.4703	0.0847	0.1524	0.1011	0.5530	0.3288	0.5281	0.4324	0.3099	0.2937	0.2054	0.5558	0.1524
Q	0.2340	0.5440	0.2989	0.4168	0.3008	0.6404	0.4317	0.5558	0.2887	0.2659	0.8502	0.3708	0.3376	0.7203	0.8322	0.8264	0.4818	0.5973	0.8149	0.6612
P	0.4607	0.2287	0.0994	0.0136	0.4127	0.2449	0.1839	0.4943	0.2054	0.4247	0.1721	0.2887	0.0067	0.7986	0.3781	0.2901	0.2052	0.2890	0.6461	0.7096
V	0.0429	0.3275	0.2164	0.0421	0.3708	0.8427	0.3032	0.3491	0.0496	0.1275	0.5160	0.3008	0.0212	0.6357	0.4852	0.5644	0.0609	0.1315	0.5492	0.4863
D	0.2209	0.0111	0.4040	0.3745	0.0112	0.0729	0.7186	0.2776	0.5326	0.3342	0.2263	0.3137	0.0319	0.3708	0.1586	0.1845	0.6633	0.3335	0.1960	0.3847
E	0.2054	0.1547	0.5609	0.3099	0.5424	0.2054	0.2635	0.3189	0.3698	0.0663	0.1833	0.2054	0.1348	0.4007	0.4701	0.2940	0.3709	0.2809	0.5326	0.3898
A	0.6225	0.5192	0.5703	0.5068	0.4359	0.5160	0.2971	0.4607	0.1610	0.1610	0.6431	0.7073	0.0847	0.6644	0.5660	0.3998	0.4887	0.1992	0.6528	0.5805
G	0.4147	0.1992	0.3690	0.1793	0.2809	0.5805	0.3820	0.1910	0.1285	0.1370	0.4741	0.1061	0.1191	0.6854	0.4966	0.5518	0.3708	0.1693	0.8085	0.2449