codons: 

64
TTT	0.32463
TTA	0.18606
TTC	0.04818
TTG	0.25888
TAT	0.01884
TAA	0.07901
TAC	0.00844
TAG	0.13464
TCT	0.23152
TCA	0.15020
TCC	0.02069
TCG	0.53441
TGT	0.07682
TGA	0.22406
TGC	0.07691
TGG	0.04735
ATT	0.38229
ATA	0.09498
ATC	0.05194
ATG	0.09841
AAT	0.37311
AAA	0.38414
AAC	0.06622
AAG	0.20087
ACT	0.31092
ACA	0.01029
ACC	0.10872
ACG	0.58482
AGT	0.16162
AGA	0.30291
AGC	0.16068
AGG	0.11556
CTT	0.50565
CTA	0.24332
CTC	0.26057
CTG	0.08036
CAT	0.00312
CAA	0.33199
CAC	0.20683
CAG	0.00342
CCT	0.37074
CCA	0.26409
CCC	0.04570
CCG	0.51926
CGT	0.40382
CGA	0.29823
CGC	0.22112
CGG	0.56535
GTT	0.04818
GTA	0.24664
GTC	0.29222
GTG	0.24207
GAT	0.21316
GAA	0.33667
GAC	0.17745
GAG	0.10872
GCT	0.24842
GCA	0.19432
GCC	0.16044
GCG	0.37583
GGT	0.06038
GGA	0.20762
GGC	0.31780
GGG	0.23780

dicodons: 

	F	L	Y	S	C	W	I	M	N	K	T	R	H	Q	P	V	D	E	A	G
20
F	0.4051	0.2911	0.4150	0.2621	0.2538	0.2432	0.3315	0.0394	0.3371	0.5680	0.0259	0.2551	0.2441	0.3152	0.2008	0.0764	0.4960	0.4257	0.1704	0.2266
L	0.0641	0.0928	0.0199	0.0394	0.0440	0.0503	0.3137	0.2700	0.4113	0.5643	0.1577	0.2118	0.0720	0.2032	0.1463	0.0333	0.3801	0.4566	0.1785	0.0332
Y	0.1396	0.2075	0.2329	0.1319	0.6306	0.0028	0.4064	0.2441	0.2981	0.4675	0.0239	0.4949	0.1577	0.4384	0.2479	0.5181	0.3916	0.3241	0.0135	0.0610
S	0.0641	0.2061	0.2312	0.2114	0.0440	0.2739	0.2374	0.0503	0.1832	0.3831	0.2271	0.0466	0.2165	0.1872	0.2143	0.2877	0.4876	0.0709	0.0748	0.0125
C	0.3315	0.2496	0.3627	0.2343	0.2877	0.3449	0.2155	0.2568	0.2441	0.2646	0.3524	0.5200	0.1096	0.2611	0.0709	0.1328	0.2646	0.3296	0.0503	0.0421
W	0.5788	0.0313	0.1226	0.1109	0.5930	0.6712	0.3895	0.2877	0.3858	0.0394	0.1704	0.1181	0.2877	0.1226	0.3668	0.1226	0.2085	0.3983	0.3627	0.2981
I	0.2853	0.2279	0.2613	0.0621	0.1452	0.4658	0.4429	0.2396	0.0875	0.6568	0.0641	0.1421	0.2981	0.0685	0.3193	0.1793	0.2592	0.3449	0.2591	0.1630
M	0.0137	0.3360	0.1859	0.0182	0.2877	0.2877	0.1987	0.0641	0.3858	0.0107	0.0503	0.1405	0.3858	0.4540	0.1511	0.1158	0.3619	0.4986	0.0558	0.0206
N	0.8146	0.3714	0.2981	0.0723	0.3425	0.7523	0.3494	0.5788	0.2591	0.0363	0.1377	0.0524	0.1620	0.4507	0.3542	0.1620	0.0628	0.3983	0.0205	0.1935
K	0.7736	0.3550	0.4507	0.1672	0.2342	0.5320	0.4219	0.3896	0.2411	0.4246	0.2441	0.0195	0.4735	0.4219	0.2568	0.1091	0.4786	0.3124	0.1133	0.1889
T	0.0720	0.0927	0.0239	0.3009	0.0206	0.0821	0.0729	0.1377	0.3545	0.2491	0.2799	0.1752	0.3471	0.0641	0.2701	0.0050	0.1503	0.0137	0.3168	0.0121
R	0.0503	0.0548	0.5200	0.1410	0.3187	0.2877	0.1274	0.1681	0.0244	0.3806	0.0638	0.5011	0.3963	0.0186	0.1773	0.2789	0.3035	0.0287	0.1943	0.4643
H	0.4297	0.2005	0.2877	0.4618	0.4828	0.1577	0.2283	0.7151	0.2568	0.1455	0.4842	0.3436	0.5014	0.0628	0.0107	0.1403	0.5675	0.2085	0.2491	0.2877
Q	0.2611	0.4587	0.3945	0.4792	0.0090	0.6171	0.0514	0.3858	0.0281	0.3760	0.1309	0.2359	0.1328	0.0090	0.1715	0.2085	0.3983	0.4123	0.1118	0.3449
P	0.0641	0.0641	0.3449	0.0194	0.0503	0.2085	0.4707	0.1476	0.4257	0.0428	0.0887	0.2730	0.4343	0.1321	0.2310	0.1978	0.1396	0.1704	0.2715	0.1431
V	0.0792	0.0809	0.3591	0.0131	0.4604	0.0428	0.1452	0.3170	0.0440	0.1296	0.2711	0.2382	0.3895	0.2009	0.2739	0.2877	0.0125	0.0006	0.3437	0.4812
D	0.2513	0.2536	0.5320	0.0610	0.4828	0.4600	0.2379	0.4652	0.2542	0.0107	0.2877	0.0641	0.0842	0.0685	0.2386	0.3471	0.3336	0.1181	0.2244	0.2725
E	0.3241	0.3063	0.2342	0.3313	0.1309	0.2981	0.0514	0.2432	0.2491	0.4665	0.1452	0.1162	0.0875	0.1097	0.0651	0.3085	0.2624	0.0115	0.4038	0.2201
A	0.0259	0.1251	0.2673	0.0236	0.1455	0.4149	0.0411	0.1286	0.5045	0.1838	0.3490	0.0821	0.1859	0.0428	0.0474	0.1808	0.2014	0.0474	0.2470	0.0408
G	0.1091	0.1285	0.1286	0.0271	0.0025	0.2877	0.2873	0.3241	0.2342	0.0153	0.2239	0.4032	0.2513	0.2164	0.2586	0.2877	0.2368	0.0503	0.1096	0.2283