codons: 

64
TTT	0.31225
TTA	0.63682
TTC	0.26418
TTG	0.09462
TAT	0.71091
TAA	0.38041
TAC	0.07212
TAG	0.10921
TCT	0.27313
TCA	0.31003
TCC	0.39354
TCG	0.09258
TGT	0.39907
TGA	0.21324
TGC	0.57431
TGG	0.48097
ATT	0.49254
ATA	0.75641
ATC	0.12303
ATG	0.17683
AAT	0.65186
AAA	0.44705
AAC	0.08629
AAG	0.06180
ACT	0.11957
ACA	0.29769
ACC	0.51050
ACG	0.05075
AGT	0.05127
AGA	0.20268
AGC	0.68631
AGG	0.54925
CTT	0.32070
CTA	0.49064
CTC	0.51916
CTG	0.68742
CAT	0.25941
CAA	0.34212
CAC	0.48651
CAG	0.77311
CCT	0.47179
CCA	0.28024
CCC	0.74438
CCG	0.58720
CGT	0.31430
CGA	0.55245
CGC	0.87800
CGG	0.76491
GTT	0.26281
GTA	0.34133
GTC	0.38006
GTG	0.46970
GAT	0.55544
GAA	0.12665
GAC	0.19413
GAG	0.44119
GCT	0.40287
GCA	0.42487
GCC	0.71708
GCG	0.54515
GGT	0.28043
GGA	0.06661
GGC	0.75340
GGG	0.75686

dicodons: 

	F	L	Y	S	C	W	I	M	N	K	T	R	H	Q	P	V	D	E	A	G
20
F	0.5059	0.0761	0.4012	0.0486	0.0711	0.6785	0.5567	0.2551	0.5796	0.4779	0.0726	0.0333	0.3693	0.6001	0.4059	0.4206	0.3095	0.1719	0.2133	0.0519
L	0.0779	0.0838	0.6015	0.1125	0.0355	0.3168	0.3976	0.3466	0.3813	0.2873	0.0818	0.6626	0.1478	0.2614	0.5322	0.0274	0.2713	0.2556	0.4332	0.4672
Y	0.4133	0.4030	0.7978	0.6177	0.5829	0.2316	0.8107	0.5243	0.7805	0.6463	0.4923	0.3884	0.1255	0.0526	0.3853	0.7195	0.4322	0.3264	0.0152	0.4865
S	0.3220	0.0591	0.4989	0.2360	0.3212	0.9372	0.5168	0.3088	0.4195	0.2453	0.2331	0.5785	0.1719	0.6884	0.3870	0.0062	0.4374	0.0021	0.5969	0.3670
C	0.1134	0.1205	0.4168	0.1526	0.7723	0.5142	0.4511	0.2498	0.2489	0.2316	0.1767	0.2947	0.0852	0.3288	0.4534	0.3853	0.1767	0.0890	0.5445	0.1591
W	0.2712	0.6249	0.5121	0.4534	0.5445	1.0000	0.5883	0.4795	0.3168	0.6164	0.4203	0.5796	0.2712	0.6584	1.0000	0.6204	0.4534	0.7397	0.6785	0.8178
I	0.2637	0.4918	0.6507	0.5870	0.6126	0.2943	0.6993	0.4933	0.7587	0.6420	0.4976	0.3264	0.5197	0.2535	0.0338	0.5179	0.8170	0.6833	0.1409	0.3708
M	0.6472	0.1137	0.6747	0.3915	0.5609	0.3168	0.5641	0.4511	0.6487	0.3139	0.0852	0.2192	0.6584	0.8988	0.5763	0.1767	0.5528	0.1462	0.2329	0.0614
N	0.0616	0.3061	0.4511	0.3318	0.6126	0.0669	0.7794	0.1767	0.7177	0.7785	0.4950	0.2918	0.4511	0.1286	0.0199	0.5227	0.7593	0.5480	0.1571	0.1678
K	0.5401	0.4584	0.7525	0.2804	0.2897	0.0591	0.5335	0.1584	0.6437	0.1630	0.2865	0.0167	0.3727	0.4641	0.3927	0.1845	0.5426	0.1595	0.1849	0.1903
T	0.0736	0.1417	0.3231	0.1750	0.0062	0.3693	0.6364	0.5792	0.5811	0.4511	0.3069	0.3996	0.2271	0.7166	0.6268	0.1926	0.5655	0.0890	0.6317	0.3702
R	0.0793	0.3927	0.5139	0.5704	0.4617	0.4455	0.2731	0.0553	0.0748	0.3570	0.6435	0.6448	0.2348	0.7355	0.6889	0.5112	0.0476	0.6963	0.7782	0.7287
H	0.0756	0.0062	0.7125	0.3623	0.0411	0.8178	0.5540	0.7561	0.4168	0.1584	0.4237	0.3798	0.0395	0.5627	0.4899	0.1151	0.0355	0.3623	0.7458	0.2993
Q	0.2551	0.4512	0.4511	0.4417	0.4641	0.6687	0.3106	0.3168	0.0890	0.4332	0.8554	0.6912	0.3493	0.7857	0.8805	0.8542	0.6356	0.6610	0.8141	0.7166
P	0.4641	0.3406	0.0890	0.5016	0.6015	0.7267	0.0951	0.2842	0.0711	0.3221	0.4765	0.7608	0.1903	0.8675	0.6565	0.5595	0.6474	0.4755	0.8178	0.8580
V	0.3389	0.0591	0.2349	0.1920	0.2377	0.9172	0.4933	0.2614	0.4511	0.4619	0.3789	0.4085	0.0591	0.6917	0.6231	0.1903	0.2391	0.2469	0.4668	0.3824
D	0.3667	0.0364	0.6295	0.3227	0.0519	0.1591	0.7999	0.0457	0.6556	0.6291	0.4656	0.2577	0.0120	0.1426	0.4750	0.3645	0.7302	0.0793	0.1448	0.1650
E	0.4072	0.0074	0.6822	0.3356	0.3059	0.0890	0.5047	0.3335	0.1862	0.1619	0.1767	0.5105	0.0021	0.5556	0.6530	0.3746	0.2589	0.5538	0.6755	0.4602
A	0.5538	0.5511	0.2915	0.5669	0.4851	0.6039	0.2611	0.2461	0.0003	0.0922	0.5927	0.8248	0.5445	0.6687	0.7831	0.5089	0.3599	0.5445	0.8030	0.7655
G	0.2993	0.3869	0.5318	0.5120	0.4247	0.6963	0.2072	0.3927	0.2210	0.0697	0.3012	0.6866	0.4332	0.7458	0.6428	0.4079	0.1498	0.2842	0.8583	0.6263