codons: 

64
TTT	0.29623
TTA	0.61779
TTC	0.07978
TTG	0.07942
TAT	0.47816
TAA	0.10959
TAC	0.12366
TAG	0.25924
TCT	0.16129
TCA	0.45039
TCC	0.62066
TCG	0.75132
TGT	0.46336
TGA	0.49031
TGC	0.38162
TGG	0.22573
ATT	0.33639
ATA	0.36242
ATC	0.43025
ATG	0.06969
AAT	0.45570
AAA	0.29804
AAC	0.01413
AAG	0.22696
ACT	0.40815
ACA	0.51042
ACC	0.53717
ACG	0.45601
AGT	0.24672
AGA	0.01271
AGC	0.57708
AGG	0.36616
CTT	0.26457
CTA	0.19451
CTC	0.22287
CTG	0.51432
CAT	0.03960
CAA	0.22133
CAC	0.28226
CAG	0.39585
CCT	0.01305
CCA	0.09135
CCC	0.82416
CCG	0.83543
CGT	0.19813
CGA	0.75176
CGC	0.77162
CGG	0.81256
GTT	0.58046
GTA	0.24427
GTC	0.15648
GTG	0.27124
GAT	0.25029
GAA	0.04524
GAC	0.16036
GAG	0.41974
GCT	0.32956
GCA	0.13437
GCC	0.55578
GCG	0.74815
GGT	0.44746
GGA	0.42667
GGC	0.44945
GGG	0.76602

dicodons: 

	F	L	Y	S	C	W	I	M	N	K	T	R	H	Q	P	V	D	E	A	G
20
F	0.2884	0.1981	0.3624	0.0720	0.4372	0.2336	0.2159	0.0626	0.4474	0.4502	0.2642	0.4977	0.1091	0.2585	0.2761	0.5834	0.2077	0.2764	0.2207	0.1797
L	0.0790	0.2960	0.3898	0.0368	0.1808	0.1404	0.2131	0.2805	0.4647	0.4682	0.1931	0.3029	0.0185	0.3274	0.3446	0.1941	0.0330	0.1750	0.0134	0.1259
Y	0.4365	0.1435	0.6546	0.3265	0.4952	0.3093	0.6546	0.1020	0.5218	0.5231	0.2255	0.1310	0.2472	0.2151	0.0693	0.6389	0.1711	0.2229	0.0170	0.0895
S	0.3093	0.0004	0.3093	0.4463	0.2619	0.3011	0.0885	0.0606	0.1366	0.2273	0.1711	0.5138	0.1774	0.3142	0.4317	0.1119	0.3707	0.1874	0.0135	0.4602
C	0.3407	0.0461	0.5303	0.1264	0.0390	0.1314	0.0632	0.4039	0.3348	0.0934	0.4244	0.2061	0.1314	0.0856	0.4209	0.5041	0.3093	0.2106	0.1711	0.1091
W	0.3721	0.0215	0.4474	0.5174	0.5395	0.2761	0.1555	0.5864	0.4474	0.2380	0.2103	0.4432	0.5066	0.6381	0.5476	0.3365	0.0132	0.5864	0.4890	0.8552
I	0.3419	0.1366	0.0693	0.1474	0.1275	0.3093	0.2229	0.0790	0.3422	0.3783	0.4262	0.2761	0.1727	0.2424	0.4736	0.2758	0.4869	0.0581	0.0616	0.3507
M	0.3456	0.1187	0.3860	0.3595	0.1857	0.2106	0.1957	0.2030	0.1857	0.2805	0.1314	0.3795	0.6833	0.4772	0.4950	0.1979	0.2103	0.2244	0.1872	0.5174
N	0.1284	0.4555	0.2883	0.3761	0.6930	0.0632	0.2133	0.2761	0.4079	0.5461	0.2611	0.2038	0.0790	0.3380	0.2472	0.5544	0.2492	0.0330	0.2384	0.2942
K	0.3093	0.4504	0.4326	0.2850	0.4935	0.2465	0.0215	0.0558	0.3766	0.1401	0.2957	0.1957	0.5124	0.0606	0.2661	0.3348	0.2889	0.0045	0.3750	0.3905
T	0.2453	0.2402	0.2698	0.1386	0.1786	0.4989	0.3898	0.1188	0.5645	0.4879	0.3581	0.3584	0.0882	0.3524	0.2325	0.1786	0.3093	0.1891	0.2607	0.0349
R	0.3875	0.3915	0.1594	0.4586	0.3419	0.4964	0.0045	0.4102	0.2393	0.2974	0.4964	0.7451	0.6815	0.4629	0.7528	0.0819	0.2103	0.3485	0.5972	0.6304
H	0.1813	0.0955	0.2402	0.3003	0.2380	0.2761	0.0534	0.5395	0.4662	0.0071	0.4819	0.7228	0.3553	0.0735	0.7105	0.2201	0.3187	0.4933	0.4276	0.4061
Q	0.4294	0.1691	0.2172	0.0426	0.2336	0.0787	0.1756	0.3499	0.2192	0.2279	0.0349	0.5092	0.0176	0.2336	0.2880	0.1603	0.2968	0.1583	0.0045	0.1635
P	0.0065	0.1452	0.1796	0.5083	0.3214	0.6381	0.0981	0.6381	0.1445	0.1514	0.3677	0.6637	0.1957	0.3419	0.7864	0.3795	0.5563	0.6271	0.4853	0.5112
V	0.3093	0.3673	0.4005	0.1565	0.5203	0.4736	0.2729	0.1187	0.4225	0.3833	0.2207	0.1539	0.0790	0.1536	0.2678	0.4620	0.1897	0.1329	0.1546	0.1683
D	0.5066	0.0256	0.3783	0.0765	0.0626	0.2205	0.2889	0.3106	0.2632	0.4430	0.3093	0.4906	0.0436	0.2661	0.5583	0.2207	0.1987	0.2761	0.0598	0.2632
E	0.2540	0.1484	0.2764	0.0372	0.3407	0.2761	0.3274	0.0215	0.2256	0.1024	0.0080	0.6111	0.1366	0.2585	0.3451	0.1141	0.5338	0.3795	0.3059	0.1153
A	0.1538	0.0663	0.3935	0.1219	0.0873	0.1817	0.0486	0.2846	0.1612	0.2384	0.1237	0.4014	0.5023	0.0129	0.5002	0.1817	0.2013	0.4313	0.4326	0.4410
G	0.1647	0.2344	0.2581	0.4054	0.1999	0.2761	0.2205	0.2493	0.1061	0.0724	0.2474	0.7198	0.3566	0.1920	0.2903	0.2430	0.2599	0.4054	0.2601	0.5051