codons: 

64
TTT	0.52469
TTA	0.68890
TTC	0.03320
TTG	0.31774
TAT	0.48799
TAA	0.03321
TAC	0.13106
TAG	0.14399
TCT	0.35547
TCA	0.53293
TCC	0.61265
TCG	0.88421
TGT	0.41870
TGA	0.60451
TGC	0.42918
TGG	0.26239
ATT	0.59008
ATA	0.42298
ATC	0.45984
ATG	0.03087
AAT	0.65878
AAA	0.56769
AAC	0.07941
AAG	0.38224
ACT	0.59217
ACA	0.51546
ACC	0.58749
ACG	0.77415
AGT	0.36847
AGA	0.31177
AGC	0.64504
AGG	0.28334
CTT	0.63644
CTA	0.39050
CTC	0.42536
CTG	0.55335
CAT	0.04259
CAA	0.47984
CAC	0.43071
CAG	0.39378
CCT	0.36242
CCA	0.19010
CCC	0.81574
CCG	0.92089
CGT	0.52194
CGA	0.82579
CGC	0.82212
CGG	0.91853
GTT	0.55923
GTA	0.43067
GTC	0.40297
GTG	0.44765
GAT	0.41009
GAA	0.36667
GAC	0.30935
GAG	0.48283
GCT	0.49611
GCA	0.30258
GCC	0.62705
GCG	0.84280
GGT	0.41195
GGA	0.27644
GGC	0.62442
GGG	0.82166

dicodons: 

	F	L	Y	S	C	W	I	M	N	K	T	R	H	Q	P	V	D	E	A	G
20
F	0.1640	0.4315	0.6270	0.2048	0.2458	0.4199	0.4758	0.0995	0.6337	0.7625	0.2832	0.3257	0.1515	0.0765	0.4215	0.6152	0.6007	0.5844	0.3535	0.0572
L	0.1380	0.3613	0.4020	0.0748	0.1430	0.1836	0.4599	0.4747	0.6848	0.7683	0.3203	0.4506	0.0545	0.4641	0.2323	0.1664	0.4005	0.3413	0.1673	0.0959
Y	0.5151	0.3212	0.5498	0.2242	0.8135	0.3073	0.4182	0.3212	0.6643	0.7460	0.2066	0.4188	0.1063	0.5592	0.1919	0.2507	0.4957	0.4747	0.0303	0.0303
S	0.3535	0.2058	0.4690	0.5633	0.2944	0.0375	0.1634	0.1079	0.2947	0.5234	0.0675	0.4901	0.3555	0.1563	0.5535	0.1979	0.1859	0.1253	0.0873	0.4533
C	0.5592	0.2843	0.2630	0.1235	0.2588	0.2458	0.1625	0.1979	0.4972	0.3333	0.1111	0.6189	0.2266	0.1919	0.4620	0.4281	0.4921	0.1508	0.1272	0.1466
W	0.7355	0.0100	0.5151	0.4573	0.1161	0.7620	0.4844	0.7054	0.6606	0.2068	0.0481	0.5089	0.3073	0.5875	0.7135	0.2438	0.1979	0.3125	0.6744	0.7938
I	0.0793	0.3333	0.3125	0.0909	0.0203	0.2266	0.5671	0.2996	0.3997	0.7867	0.4629	0.1563	0.1515	0.1867	0.2266	0.4057	0.3073	0.3829	0.3047	0.2242
M	0.3365	0.4148	0.2458	0.3476	0.4199	0.0977	0.3555	0.2541	0.2458	0.2727	0.1750	0.2781	0.4844	0.0424	0.4051	0.0928	0.1919	0.3535	0.2326	0.5274
N	0.8384	0.6577	0.5004	0.3275	0.5331	0.7355	0.4882	0.4182	0.5613	0.5290	0.1430	0.1597	0.0901	0.6364	0.1422	0.4682	0.1989	0.4182	0.2541	0.4308
K	0.8436	0.6455	0.6883	0.4046	0.6121	0.6474	0.4343	0.3535	0.5270	0.5052	0.4676	0.1797	0.7433	0.4570	0.4545	0.4074	0.6292	0.3155	0.4459	0.5056
T	0.2996	0.1625	0.2519	0.1884	0.1613	0.4541	0.4343	0.2402	0.3254	0.6155	0.1086	0.4708	0.2839	0.3939	0.4398	0.1744	0.4131	0.1778	0.4949	0.0231
R	0.4183	0.4249	0.5965	0.5349	0.5516	0.6413	0.1235	0.2910	0.2203	0.1184	0.5286	0.8728	0.8077	0.4729	0.7967	0.3380	0.4500	0.3672	0.5000	0.8020
H	0.5331	0.1161	0.0625	0.2309	0.3212	0.1406	0.2696	0.3813	0.6033	0.1515	0.0043	0.8180	0.2266	0.1316	0.7135	0.0928	0.7054	0.5990	0.2378	0.5769
Q	0.5784	0.5503	0.2266	0.4560	0.2266	0.5844	0.2180	0.6007	0.2411	0.1919	0.0995	0.6250	0.1481	0.2266	0.1406	0.3354	0.1444	0.3018	0.1158	0.2168
P	0.0580	0.0866	0.2014	0.5179	0.3555	0.7135	0.4131	0.5754	0.3287	0.1134	0.4237	0.7555	0.5450	0.2417	0.8357	0.2266	0.4844	0.5505	0.6250	0.4295
V	0.2498	0.3116	0.6158	0.1676	0.1111	0.4500	0.1494	0.3981	0.3959	0.4632	0.0647	0.3555	0.3371	0.0558	0.0082	0.2447	0.1795	0.1334	0.2237	0.3762
D	0.6306	0.2727	0.7091	0.1328	0.5151	0.3073	0.4581	0.2242	0.4505	0.4369	0.0303	0.4557	0.0424	0.2121	0.4199	0.1621	0.1684	0.3616	0.1750	0.0127
E	0.4957	0.1854	0.4459	0.3055	0.4270	0.0303	0.3620	0.2266	0.0303	0.4057	0.1521	0.6563	0.2121	0.1671	0.3877	0.2195	0.3680	0.3723	0.1411	0.1184
A	0.1757	0.0630	0.1722	0.1426	0.0637	0.5212	0.0878	0.3766	0.5844	0.3784	0.2571	0.3479	0.5949	0.0303	0.4753	0.3297	0.0000	0.4030	0.5728	0.4638
G	0.2558	0.3327	0.3535	0.4215	0.1979	0.4844	0.0857	0.0995	0.3155	0.0580	0.0303	0.8328	0.1406	0.0303	0.4739	0.0590	0.0303	0.4353	0.3412	0.6181